Keyword,ASIN,Title,Detail_Page_URL,Star_Rating,Number_of_Reviews,Price,Current_Time
jabón sólido hombre,B09LLR1P2N,"Champú Sólido Ecológico 120g - Santa Gadea Hair & Body| Para Cabello y Cuerpo | Sin Sulfatos, Con Leche de Cabra, aceite de oliva y Aceite de Árbol de Té",https://www.amazon.es//sspa/click?ie=UTF8&spc=MTo1MjQ1NTU3NzQ5NjY1NjM4OjE3NDQwNjIwMTY6c3BfYXRmOjMwMDUxMDA4OTA0MTgzMjo6MDo6&url=%2FChamp%25C3%25BA-S%25C3%25B3lido-Ecol%25C3%25B3gico-120g-Sulfatos%2Fdp%2FB09LLR1P2N%2Fref%3Dsr_1_1_sspa%3Fdib%3DeyJ2IjoiMSJ9.i-06hQ87bFqzS-kYhrqWX1MVZO6UP0ZWfmMQMTsCGabThwO4tvQyltXOgbenR0IihKvmDFZ1Is71GkXy8xWiiB0W70cZLveEymIAO-7i8XHUrLSNZC-9CEZPjyHyO5J4bwuzg8jqUAwjmXrKDR26T-7Sjy0jgC046sGcrtE_gDjp5NUCFJT_KhG-0ugTmM3KQYAkkPgyVw-dIvcywCthXm1kpl1zE6UszhK_8_jtSRCf7lbSSOgPFFWD6XzuG4VEgZV0GcA4qPI7WcE3-p00VfoT2rTlOZPqeQAHUKkN9fE.2vXvMZP8plN6-EgjCzVMtHJtaqT8IPs35OqaPr09AGg%26dib_tag%3Dse%26keywords%3Djab%25C3%25B3n%252Bs%25C3%25B3lido%252Bhombre%26qid%3D1744062015%26sr%3D8-1-spons%26sp_csd%3Dd2lkZ2V0TmFtZT1zcF9hdGY%26psc%3D1,"3,9 de 5 estrellas",,"8,99 €","4/8/2025, 05:40:20"
jabón sólido hombre,B07C39Z1Q6,"El Serail Savonnerie Marseillaise desde 1949 - Barra de jabón genuino de Marsella 1,4 Kg. Jabón crudo EXTRA PURO de aceite de OLIVA - Garantía sin aceite de palma",https://www.amazon.es//sspa/click?ie=UTF8&spc=MTo1MjQ1NTU3NzQ5NjY1NjM4OjE3NDQwNjIwMTY6c3BfYXRmOjMwMDQ4NzU4ODU3MDAzMjo6MDo6&url=%2FSerail-Savonnerie-Marseillaise-desde-1949%2Fdp%2FB07C39Z1Q6%2Fref%3Dsr_1_2_sspa%3Fdib%3DeyJ2IjoiMSJ9.i-06hQ87bFqzS-kYhrqWX1MVZO6UP0ZWfmMQMTsCGabThwO4tvQyltXOgbenR0IihKvmDFZ1Is71GkXy8xWiiB0W70cZLveEymIAO-7i8XHUrLSNZC-9CEZPjyHyO5J4bwuzg8jqUAwjmXrKDR26T-7Sjy0jgC046sGcrtE_gDjp5NUCFJT_KhG-0ugTmM3KQYAkkPgyVw-dIvcywCthXm1kpl1zE6UszhK_8_jtSRCf7lbSSOgPFFWD6XzuG4VEgZV0GcA4qPI7WcE3-p00VfoT2rTlOZPqeQAHUKkN9fE.2vXvMZP8plN6-EgjCzVMtHJtaqT8IPs35OqaPr09AGg%26dib_tag%3Dse%26keywords%3Djab%25C3%25B3n%252Bs%25C3%25B3lido%252Bhombre%26qid%3D1744062015%26sr%3D8-2-spons%26sp_csd%3Dd2lkZ2V0TmFtZT1zcF9hdGY%26psc%3D1,"4,6 de 5 estrellas",,"24,95 €","4/8/2025, 05:40:21"
jabón sólido hombre,B082HY3HJG,"Pure Now Jabón Aleppo 3 x ca 200g, 85% aceite de oliva 15% aceite de laurel, PH neutro, desintoxicación, hecho a mano",https://www.amazon.es//sspa/click?ie=UTF8&spc=MTo1MjQ1NTU3NzQ5NjY1NjM4OjE3NDQwNjIwMTY6c3BfYXRmOjMwMDAzMTA4NzIxNDQzMjo6MDo6&url=%2FPure-Now-Aleppo-aceite-desintoxicaci%25C3%25B3n%2Fdp%2FB082HY3HJG%2Fref%3Dsr_1_3_sspa%3Fdib%3DeyJ2IjoiMSJ9.i-06hQ87bFqzS-kYhrqWX1MVZO6UP0ZWfmMQMTsCGabThwO4tvQyltXOgbenR0IihKvmDFZ1Is71GkXy8xWiiB0W70cZLveEymIAO-7i8XHUrLSNZC-9CEZPjyHyO5J4bwuzg8jqUAwjmXrKDR26T-7Sjy0jgC046sGcrtE_gDjp5NUCFJT_KhG-0ugTmM3KQYAkkPgyVw-dIvcywCthXm1kpl1zE6UszhK_8_jtSRCf7lbSSOgPFFWD6XzuG4VEgZV0GcA4qPI7WcE3-p00VfoT2rTlOZPqeQAHUKkN9fE.2vXvMZP8plN6-EgjCzVMtHJtaqT8IPs35OqaPr09AGg%26dib_tag%3Dse%26keywords%3Djab%25C3%25B3n%252Bs%25C3%25B3lido%252Bhombre%26qid%3D1744062015%26sr%3D8-3-spons%26sp_csd%3Dd2lkZ2V0TmFtZT1zcF9hdGY%26psc%3D1,"4,5 de 5 estrellas",,"18,81 €","4/8/2025, 05:40:21"
jabón sólido hombre,B099XBPTXT,"Foamie limpiador sólido 3en1 para hombre con menta y limónI Champu solido, Limpiador facial y Gel de ducha para hombre en 1I Vegano sin plástico 90g",https://www.amazon.es//Foamie-limpiador-s%C3%B3lido-Limpiador-pl%C3%A1stico/dp/B099XBPTXT/ref=sr_1_4?dib=eyJ2IjoiMSJ9.i-06hQ87bFqzS-kYhrqWX1MVZO6UP0ZWfmMQMTsCGabThwO4tvQyltXOgbenR0IihKvmDFZ1Is71GkXy8xWiiB0W70cZLveEymIAO-7i8XHUrLSNZC-9CEZPjyHyO5J4bwuzg8jqUAwjmXrKDR26T-7Sjy0jgC046sGcrtE_gDjp5NUCFJT_KhG-0ugTmM3KQYAkkPgyVw-dIvcywCthXm1kpl1zE6UszhK_8_jtSRCf7lbSSOgPFFWD6XzuG4VEgZV0GcA4qPI7WcE3-p00VfoT2rTlOZPqeQAHUKkN9fE.2vXvMZP8plN6-EgjCzVMtHJtaqT8IPs35OqaPr09AGg&dib_tag=se&keywords=jab%C3%B3n%2Bs%C3%B3lido%2Bhombre&qid=1744062015&sr=8-4,"4,2 de 5 estrellas",,"4,50 €","4/8/2025, 05:40:21"
jabón sólido hombre,B08V7ZVSFF,"L'Oréal Men Expert Champú sólido para hombres, jabón XL para limpiar el cuerpo, el cabello y la barba, con complejo de aceite de cedro nutritivo, Barber Club, 1 x 80 g",https://www.amazon.es//Men-Expert-hombres-complejo-nutritivo/dp/B08V7ZVSFF/ref=sr_1_5?dib=eyJ2IjoiMSJ9.i-06hQ87bFqzS-kYhrqWX1MVZO6UP0ZWfmMQMTsCGabThwO4tvQyltXOgbenR0IihKvmDFZ1Is71GkXy8xWiiB0W70cZLveEymIAO-7i8XHUrLSNZC-9CEZPjyHyO5J4bwuzg8jqUAwjmXrKDR26T-7Sjy0jgC046sGcrtE_gDjp5NUCFJT_KhG-0ugTmM3KQYAkkPgyVw-dIvcywCthXm1kpl1zE6UszhK_8_jtSRCf7lbSSOgPFFWD6XzuG4VEgZV0GcA4qPI7WcE3-p00VfoT2rTlOZPqeQAHUKkN9fE.2vXvMZP8plN6-EgjCzVMtHJtaqT8IPs35OqaPr09AGg&dib_tag=se&keywords=jab%C3%B3n%2Bs%C3%B3lido%2Bhombre&qid=1744062015&sr=8-5,"4,4 de 5 estrellas",,"6,95 €","4/8/2025, 05:40:21"
jabón sólido hombre,B0CG9Z8F6T,Störtebekker® Premium Champú sólido Sándalo (1 pc.) – Champú vegano hecho a mano para hombre y mujer – cuidado de ducha perfumado para la piel y el cabello – Champú hidratante sólido,https://www.amazon.es//St%C3%B6rtebekker%C2%AE-Premium-s%C3%A1ndalo-perfumado-hidratante/dp/B0CG9Z8F6T/ref=sr_1_6?dib=eyJ2IjoiMSJ9.i-06hQ87bFqzS-kYhrqWX1MVZO6UP0ZWfmMQMTsCGabThwO4tvQyltXOgbenR0IihKvmDFZ1Is71GkXy8xWiiB0W70cZLveEymIAO-7i8XHUrLSNZC-9CEZPjyHyO5J4bwuzg8jqUAwjmXrKDR26T-7Sjy0jgC046sGcrtE_gDjp5NUCFJT_KhG-0ugTmM3KQYAkkPgyVw-dIvcywCthXm1kpl1zE6UszhK_8_jtSRCf7lbSSOgPFFWD6XzuG4VEgZV0GcA4qPI7WcE3-p00VfoT2rTlOZPqeQAHUKkN9fE.2vXvMZP8plN6-EgjCzVMtHJtaqT8IPs35OqaPr09AGg&dib_tag=se&keywords=jab%C3%B3n%2Bs%C3%B3lido%2Bhombre&qid=1744062015&sr=8-6,"4,2 de 5 estrellas",,"11,99 €","4/8/2025, 05:40:21"
jabón sólido hombre,B0DCP4Z4D3,"2 Piezas Jabón Natural, Soaps Aloe Vera + Jabón de Limón, 100 g Jabón Sólido, Gel de Ducha Sólido, Jabón de Barra de Limón para La Piel Cabello Cuerpo Cara Baño para Todo Tipo de Piel Hombres Mujeres",https://www.amazon.es//Piezas-Natural-Cabello-Hombres-Mujeres/dp/B0DCP4Z4D3/ref=sr_1_7?dib=eyJ2IjoiMSJ9.i-06hQ87bFqzS-kYhrqWX1MVZO6UP0ZWfmMQMTsCGabThwO4tvQyltXOgbenR0IihKvmDFZ1Is71GkXy8xWiiB0W70cZLveEymIAO-7i8XHUrLSNZC-9CEZPjyHyO5J4bwuzg8jqUAwjmXrKDR26T-7Sjy0jgC046sGcrtE_gDjp5NUCFJT_KhG-0ugTmM3KQYAkkPgyVw-dIvcywCthXm1kpl1zE6UszhK_8_jtSRCf7lbSSOgPFFWD6XzuG4VEgZV0GcA4qPI7WcE3-p00VfoT2rTlOZPqeQAHUKkN9fE.2vXvMZP8plN6-EgjCzVMtHJtaqT8IPs35OqaPr09AGg&dib_tag=se&keywords=jab%C3%B3n%2Bs%C3%B3lido%2Bhombre&qid=1744062015&sr=8-7,"4,4 de 5 estrellas",,"9,99 €","4/8/2025, 05:40:21"
jabón sólido hombre,B0C9RSQVXY,"Jabón Puro Chipre Imperial - Confiança 1894 | Jabón Limpiador Facial y Corporal | Gel Sólido en Jabón Pastilla | Jabón de Manos, Cara y Cuerpo | Limpieza Facial para Hombre | Pack de 3 Jabones x 125g",https://www.amazon.es//Jab%C3%B3n-Puro-Chipre-Imperial-Confian%C3%A7a/dp/B0C9RSQVXY/ref=sr_1_8?dib=eyJ2IjoiMSJ9.i-06hQ87bFqzS-kYhrqWX1MVZO6UP0ZWfmMQMTsCGabThwO4tvQyltXOgbenR0IihKvmDFZ1Is71GkXy8xWiiB0W70cZLveEymIAO-7i8XHUrLSNZC-9CEZPjyHyO5J4bwuzg8jqUAwjmXrKDR26T-7Sjy0jgC046sGcrtE_gDjp5NUCFJT_KhG-0ugTmM3KQYAkkPgyVw-dIvcywCthXm1kpl1zE6UszhK_8_jtSRCf7lbSSOgPFFWD6XzuG4VEgZV0GcA4qPI7WcE3-p00VfoT2rTlOZPqeQAHUKkN9fE.2vXvMZP8plN6-EgjCzVMtHJtaqT8IPs35OqaPr09AGg&dib_tag=se&keywords=jab%C3%B3n%2Bs%C3%B3lido%2Bhombre&qid=1744062015&sr=8-8,"5,0 de 5 estrellas",,"9,99 €","4/8/2025, 05:40:21"
jabón sólido hombre,B0DNG6FPHJ,"larum sports jabón natural cuerpo y cabello lima macadamia, gel de ducha solido con ingredientes 100% naturales, 2x 85g",https://www.amazon.es//larum-sports-macadamia-ingredientes-naturales/dp/B0DNG6FPHJ/ref=sr_1_9?dib=eyJ2IjoiMSJ9.i-06hQ87bFqzS-kYhrqWX1MVZO6UP0ZWfmMQMTsCGabThwO4tvQyltXOgbenR0IihKvmDFZ1Is71GkXy8xWiiB0W70cZLveEymIAO-7i8XHUrLSNZC-9CEZPjyHyO5J4bwuzg8jqUAwjmXrKDR26T-7Sjy0jgC046sGcrtE_gDjp5NUCFJT_KhG-0ugTmM3KQYAkkPgyVw-dIvcywCthXm1kpl1zE6UszhK_8_jtSRCf7lbSSOgPFFWD6XzuG4VEgZV0GcA4qPI7WcE3-p00VfoT2rTlOZPqeQAHUKkN9fE.2vXvMZP8plN6-EgjCzVMtHJtaqT8IPs35OqaPr09AGg&dib_tag=se&keywords=jab%C3%B3n%2Bs%C3%B3lido%2Bhombre&qid=1744062015&sr=8-9,"4,7 de 5 estrellas",,"11,99 €","4/8/2025, 05:40:22"
jabón sólido hombre,B08F7TFXT5,"Old Spice Wolfthorn Gel Y Champú Para Hombres, 3 En 1: Pelo, Cara Y Cuerpo, 2000 ml. Excepcional Aroma Fresco Y Duradero",https://www.amazon.es//Old-Spice-Wolfthorn-Champ%C3%BA-Hombres/dp/B08F7TFXT5/ref=sr_1_10?dib=eyJ2IjoiMSJ9.i-06hQ87bFqzS-kYhrqWX1MVZO6UP0ZWfmMQMTsCGabThwO4tvQyltXOgbenR0IihKvmDFZ1Is71GkXy8xWiiB0W70cZLveEymIAO-7i8XHUrLSNZC-9CEZPjyHyO5J4bwuzg8jqUAwjmXrKDR26T-7Sjy0jgC046sGcrtE_gDjp5NUCFJT_KhG-0ugTmM3KQYAkkPgyVw-dIvcywCthXm1kpl1zE6UszhK_8_jtSRCf7lbSSOgPFFWD6XzuG4VEgZV0GcA4qPI7WcE3-p00VfoT2rTlOZPqeQAHUKkN9fE.2vXvMZP8plN6-EgjCzVMtHJtaqT8IPs35OqaPr09AGg&dib_tag=se&keywords=jab%C3%B3n%2Bs%C3%B3lido%2Bhombre&qid=1744062015&sr=8-10,"4,3 de 5 estrellas",,"12,99 €","4/8/2025, 05:40:22"
jabón sólido hombre,B09NMXLQ6G,"Jabón Natural de Carbón Activo - Jabon de Manos, Cuerpo, y Cara Limpiador Piel Grasa, Pastilla Sólida Ecológica y Artesanal, Fabricado en España, Vegano y Sin Aceite de Palma (100 g)",https://www.amazon.es//Jab%C3%B3n-Natural-Carb%C3%B3n-Activo-Limpiador/dp/B09NMXLQ6G/ref=sr_1_11?dib=eyJ2IjoiMSJ9.i-06hQ87bFqzS-kYhrqWX1MVZO6UP0ZWfmMQMTsCGabThwO4tvQyltXOgbenR0IihKvmDFZ1Is71GkXy8xWiiB0W70cZLveEymIAO-7i8XHUrLSNZC-9CEZPjyHyO5J4bwuzg8jqUAwjmXrKDR26T-7Sjy0jgC046sGcrtE_gDjp5NUCFJT_KhG-0ugTmM3KQYAkkPgyVw-dIvcywCthXm1kpl1zE6UszhK_8_jtSRCf7lbSSOgPFFWD6XzuG4VEgZV0GcA4qPI7WcE3-p00VfoT2rTlOZPqeQAHUKkN9fE.2vXvMZP8plN6-EgjCzVMtHJtaqT8IPs35OqaPr09AGg&dib_tag=se&keywords=jab%C3%B3n%2Bs%C3%B3lido%2Bhombre&qid=1744062015&sr=8-11,"4,3 de 5 estrellas",,"7,55 €","4/8/2025, 05:40:22"
jabón sólido hombre,B0CDPNV1HT,"Jabón para Cabello,Jabón para Oscurecer Cabello,Jabón para Crecimiento del Cabello,Jabón Hidratante para Eliminar Las Canas,Cubre Jabón para Cabello Canoso,Jabón Gris Brillante,con 2 Redes de Jabón",https://www.amazon.es//Oscurecer-Crecimiento-Hidratante-Eliminar-Brillante/dp/B0CDPNV1HT/ref=sr_1_12?dib=eyJ2IjoiMSJ9.i-06hQ87bFqzS-kYhrqWX1MVZO6UP0ZWfmMQMTsCGabThwO4tvQyltXOgbenR0IihKvmDFZ1Is71GkXy8xWiiB0W70cZLveEymIAO-7i8XHUrLSNZC-9CEZPjyHyO5J4bwuzg8jqUAwjmXrKDR26T-7Sjy0jgC046sGcrtE_gDjp5NUCFJT_KhG-0ugTmM3KQYAkkPgyVw-dIvcywCthXm1kpl1zE6UszhK_8_jtSRCf7lbSSOgPFFWD6XzuG4VEgZV0GcA4qPI7WcE3-p00VfoT2rTlOZPqeQAHUKkN9fE.2vXvMZP8plN6-EgjCzVMtHJtaqT8IPs35OqaPr09AGg&dib_tag=se&keywords=jab%C3%B3n%2Bs%C3%B3lido%2Bhombre&qid=1744062015&sr=8-12,"2,4 de 5 estrellas",,"4,61 €","4/8/2025, 05:40:22"
jabón sólido hombre,B0CW23M5YY,RAW REVIVAL - Champú solido Romero | Anticaspa + Dermatitis Seborreica | Sin sulfatos ni parabenos | Pelo graso + Equilibrio del pH | Vegano | Ingredientes naturales - 80 gr,https://www.amazon.es//Raw-Revival-parabenos-Anticaspa-Ingredientes/dp/B0CW23M5YY/ref=sr_1_13?dib=eyJ2IjoiMSJ9.i-06hQ87bFqzS-kYhrqWX1MVZO6UP0ZWfmMQMTsCGabThwO4tvQyltXOgbenR0IihKvmDFZ1Is71GkXy8xWiiB0W70cZLveEymIAO-7i8XHUrLSNZC-9CEZPjyHyO5J4bwuzg8jqUAwjmXrKDR26T-7Sjy0jgC046sGcrtE_gDjp5NUCFJT_KhG-0ugTmM3KQYAkkPgyVw-dIvcywCthXm1kpl1zE6UszhK_8_jtSRCf7lbSSOgPFFWD6XzuG4VEgZV0GcA4qPI7WcE3-p00VfoT2rTlOZPqeQAHUKkN9fE.2vXvMZP8plN6-EgjCzVMtHJtaqT8IPs35OqaPr09AGg&dib_tag=se&keywords=jab%C3%B3n%2Bs%C3%B3lido%2Bhombre&qid=1744062015&sr=8-13,"4,4 de 5 estrellas",,"11,99 €","4/8/2025, 05:40:23"
jabón sólido hombre,B09HQRFZJD,Champú Solido Anticaspa. Pardo Natur | Elimina la descamación | Ingredientes naturales | 60 gr,https://www.amazon.es//Anticaspa-Pardo-descamaci%C3%B3n-Ingredientes-naturales/dp/B09HQRFZJD/ref=sr_1_14?dib=eyJ2IjoiMSJ9.i-06hQ87bFqzS-kYhrqWX1MVZO6UP0ZWfmMQMTsCGabThwO4tvQyltXOgbenR0IihKvmDFZ1Is71GkXy8xWiiB0W70cZLveEymIAO-7i8XHUrLSNZC-9CEZPjyHyO5J4bwuzg8jqUAwjmXrKDR26T-7Sjy0jgC046sGcrtE_gDjp5NUCFJT_KhG-0ugTmM3KQYAkkPgyVw-dIvcywCthXm1kpl1zE6UszhK_8_jtSRCf7lbSSOgPFFWD6XzuG4VEgZV0GcA4qPI7WcE3-p00VfoT2rTlOZPqeQAHUKkN9fE.2vXvMZP8plN6-EgjCzVMtHJtaqT8IPs35OqaPr09AGg&dib_tag=se&keywords=jab%C3%B3n%2Bs%C3%B3lido%2Bhombre&qid=1744062015&sr=8-14,"4,2 de 5 estrellas",,"3,49 €","4/8/2025, 05:40:23"
jabón sólido hombre,B0CFKDGTZ8,"3 Piezas Jabón Brillo Gris Jabon Para Canas Champú Sólido en Barra Cabello Gris Brillo Revitalizador de Cabello Grey Shine Jabón Capilar Natural Para Canas, 1 Red de Burbujas",https://www.amazon.es//Cabello-Revitalizador-Capilar-Natural-Burbujas/dp/B0CFKDGTZ8/ref=sr_1_15?dib=eyJ2IjoiMSJ9.i-06hQ87bFqzS-kYhrqWX1MVZO6UP0ZWfmMQMTsCGabThwO4tvQyltXOgbenR0IihKvmDFZ1Is71GkXy8xWiiB0W70cZLveEymIAO-7i8XHUrLSNZC-9CEZPjyHyO5J4bwuzg8jqUAwjmXrKDR26T-7Sjy0jgC046sGcrtE_gDjp5NUCFJT_KhG-0ugTmM3KQYAkkPgyVw-dIvcywCthXm1kpl1zE6UszhK_8_jtSRCf7lbSSOgPFFWD6XzuG4VEgZV0GcA4qPI7WcE3-p00VfoT2rTlOZPqeQAHUKkN9fE.2vXvMZP8plN6-EgjCzVMtHJtaqT8IPs35OqaPr09AGg&dib_tag=se&keywords=jab%C3%B3n%2Bs%C3%B3lido%2Bhombre&qid=1744062015&sr=8-15,"2,4 de 5 estrellas",,"8,54 €","4/8/2025, 05:40:23"
jabón sólido hombre,B0C7RHKKH4,"Pack Jabones Confiança 1894 | Jabones con Base de Origen Vegetal para Regalar | Jabón de Manos, Cuerpo y Cara | Pack Regalo Mujer y Hombre | Pack de 4 Jabones en Pastilla de 350g",https://www.amazon.es//Pack-Jabones-Premium-Confian%C3%A7a-Ingredientes/dp/B0C7RHKKH4/ref=sr_1_16?dib=eyJ2IjoiMSJ9.i-06hQ87bFqzS-kYhrqWX1MVZO6UP0ZWfmMQMTsCGabThwO4tvQyltXOgbenR0IihKvmDFZ1Is71GkXy8xWiiB0W70cZLveEymIAO-7i8XHUrLSNZC-9CEZPjyHyO5J4bwuzg8jqUAwjmXrKDR26T-7Sjy0jgC046sGcrtE_gDjp5NUCFJT_KhG-0ugTmM3KQYAkkPgyVw-dIvcywCthXm1kpl1zE6UszhK_8_jtSRCf7lbSSOgPFFWD6XzuG4VEgZV0GcA4qPI7WcE3-p00VfoT2rTlOZPqeQAHUKkN9fE.2vXvMZP8plN6-EgjCzVMtHJtaqT8IPs35OqaPr09AGg&dib_tag=se&keywords=jab%C3%B3n%2Bs%C3%B3lido%2Bhombre&qid=1744062015&sr=8-16,"4,3 de 5 estrellas",,"19,99 €","4/8/2025, 05:40:23"
jabón sólido hombre,B0CFBC9KJF,"RITUALS Caja de regalo Homme, Small – Set de baño para hombre con productos para el cuidado de la piel con bambú, menta y madera de cedro – Propiedades estimulantes",https://www.amazon.es//sspa/click?ie=UTF8&spc=MTo1MjQ1NTU3NzQ5NjY1NjM4OjE3NDQwNjIwMTY6c3BfbXRmOjMwMDQ1NzkzODU5NTQzMjo6MDo6&url=%2FRITUALS-Cofre-regalo-Homme-estimulantes%2Fdp%2FB0CFBC9KJF%2Fref%3Dsr_1_17_sspa%3Fdib%3DeyJ2IjoiMSJ9.i-06hQ87bFqzS-kYhrqWX1MVZO6UP0ZWfmMQMTsCGabThwO4tvQyltXOgbenR0IihKvmDFZ1Is71GkXy8xWiiB0W70cZLveEymIAO-7i8XHUrLSNZC-9CEZPjyHyO5J4bwuzg8jqUAwjmXrKDR26T-7Sjy0jgC046sGcrtE_gDjp5NUCFJT_KhG-0ugTmM3KQYAkkPgyVw-dIvcywCthXm1kpl1zE6UszhK_8_jtSRCf7lbSSOgPFFWD6XzuG4VEgZV0GcA4qPI7WcE3-p00VfoT2rTlOZPqeQAHUKkN9fE.2vXvMZP8plN6-EgjCzVMtHJtaqT8IPs35OqaPr09AGg%26dib_tag%3Dse%26keywords%3Djab%25C3%25B3n%252Bs%25C3%25B3lido%252Bhombre%26qid%3D1744062015%26sr%3D8-17-spons%26sp_csd%3Dd2lkZ2V0TmFtZT1zcF9tdGY%26psc%3D1,"4,7 de 5 estrellas",,"25,90 €","4/8/2025, 05:40:23"
jabón sólido hombre,B07RZ1LP3J,HEY JOE! - Beard Soap on Rope | Jabon para Barba en Pastilla con Fragancia de Limón y Tomillo - Barra de Jabón 150 ml,https://www.amazon.es//sspa/click?ie=UTF8&spc=MTo1MjQ1NTU3NzQ5NjY1NjM4OjE3NDQwNjIwMTY6c3BfbXRmOjIwMDc3OTg3Nzg2MjA2OjowOjo&url=%2FHEY-JOE-Beard-Jab%25C3%25B3n-barba%2Fdp%2FB07RZ1LP3J%2Fref%3Dsr_1_18_sspa%3Fdib%3DeyJ2IjoiMSJ9.i-06hQ87bFqzS-kYhrqWX1MVZO6UP0ZWfmMQMTsCGabThwO4tvQyltXOgbenR0IihKvmDFZ1Is71GkXy8xWiiB0W70cZLveEymIAO-7i8XHUrLSNZC-9CEZPjyHyO5J4bwuzg8jqUAwjmXrKDR26T-7Sjy0jgC046sGcrtE_gDjp5NUCFJT_KhG-0ugTmM3KQYAkkPgyVw-dIvcywCthXm1kpl1zE6UszhK_8_jtSRCf7lbSSOgPFFWD6XzuG4VEgZV0GcA4qPI7WcE3-p00VfoT2rTlOZPqeQAHUKkN9fE.2vXvMZP8plN6-EgjCzVMtHJtaqT8IPs35OqaPr09AGg%26dib_tag%3Dse%26keywords%3Djab%25C3%25B3n%252Bs%25C3%25B3lido%252Bhombre%26qid%3D1744062015%26sr%3D8-18-spons%26sp_csd%3Dd2lkZ2V0TmFtZT1zcF9tdGY%26psc%3D1,"4,6 de 5 estrellas",,"19,50 €","4/8/2025, 05:40:24"
jabón sólido hombre,B0DP2XG473,Störtebekker® Premium Champú sólido Tortuga - Champú vegano hecho a mano para hombre y mujer - cuidado de ducha perfumado para la piel y el cabello - Champú hidratante sólido - Champú Bar 100g,https://www.amazon.es//St%C3%B6rtebekker%C2%AE-Premium-Champ%C3%BA-s%C3%B3lido-Tortuga/dp/B0DP2XG473/ref=sr_1_20?dib=eyJ2IjoiMSJ9.i-06hQ87bFqzS-kYhrqWX1MVZO6UP0ZWfmMQMTsCGabThwO4tvQyltXOgbenR0IihKvmDFZ1Is71GkXy8xWiiB0W70cZLveEymIAO-7i8XHUrLSNZC-9CEZPjyHyO5J4bwuzg8jqUAwjmXrKDR26T-7Sjy0jgC046sGcrtE_gDjp5NUCFJT_KhG-0ugTmM3KQYAkkPgyVw-dIvcywCthXm1kpl1zE6UszhK_8_jtSRCf7lbSSOgPFFWD6XzuG4VEgZV0GcA4qPI7WcE3-p00VfoT2rTlOZPqeQAHUKkN9fE.2vXvMZP8plN6-EgjCzVMtHJtaqT8IPs35OqaPr09AGg&dib_tag=se&keywords=jab%C3%B3n%2Bs%C3%B3lido%2Bhombre&qid=1744062015&sr=8-20,"4,4 de 5 estrellas",,"11,99 €","4/8/2025, 05:40:24"
jabón sólido hombre,B0CCN79L7T,"3 unidades de jabón gris brillante, jabón natural para cabello gris, oscurecimiento del cabello, champú sólido, brillo gris, revitalizable para el cabello para hombre",https://www.amazon.es//unidades-brillante-natural-oscurecimiento-revitalizable/dp/B0CCN79L7T/ref=sr_1_21?dib=eyJ2IjoiMSJ9.i-06hQ87bFqzS-kYhrqWX1MVZO6UP0ZWfmMQMTsCGabThwO4tvQyltXOgbenR0IihKvmDFZ1Is71GkXy8xWiiB0W70cZLveEymIAO-7i8XHUrLSNZC-9CEZPjyHyO5J4bwuzg8jqUAwjmXrKDR26T-7Sjy0jgC046sGcrtE_gDjp5NUCFJT_KhG-0ugTmM3KQYAkkPgyVw-dIvcywCthXm1kpl1zE6UszhK_8_jtSRCf7lbSSOgPFFWD6XzuG4VEgZV0GcA4qPI7WcE3-p00VfoT2rTlOZPqeQAHUKkN9fE.2vXvMZP8plN6-EgjCzVMtHJtaqT8IPs35OqaPr09AGg&dib_tag=se&keywords=jab%C3%B3n%2Bs%C3%B3lido%2Bhombre&qid=1744062015&sr=8-21,"2,5 de 5 estrellas",,"13,98 €","4/8/2025, 05:40:25"
jabón sólido hombre,B0D6XJ67GY,"Jabón Limón, Jabones, Champú Sólido, Jabón de Ducha Vegano para Todo Tipo de Piel, Jabones para Manos, Cara y Cuerpo, Estuche Regalo Mujer Hombre, Hidratante Limpia Suavemente, 100g (Limón)",https://www.amazon.es//Jabones-Champ%C3%BA-Estuche-Hidratante-Suavemente/dp/B0D6XJ67GY/ref=sr_1_22?dib=eyJ2IjoiMSJ9.i-06hQ87bFqzS-kYhrqWX1MVZO6UP0ZWfmMQMTsCGabThwO4tvQyltXOgbenR0IihKvmDFZ1Is71GkXy8xWiiB0W70cZLveEymIAO-7i8XHUrLSNZC-9CEZPjyHyO5J4bwuzg8jqUAwjmXrKDR26T-7Sjy0jgC046sGcrtE_gDjp5NUCFJT_KhG-0ugTmM3KQYAkkPgyVw-dIvcywCthXm1kpl1zE6UszhK_8_jtSRCf7lbSSOgPFFWD6XzuG4VEgZV0GcA4qPI7WcE3-p00VfoT2rTlOZPqeQAHUKkN9fE.2vXvMZP8plN6-EgjCzVMtHJtaqT8IPs35OqaPr09AGg&dib_tag=se&keywords=jab%C3%B3n%2Bs%C3%B3lido%2Bhombre&qid=1744062015&sr=8-22,"4,0 de 5 estrellas",,"5,99 €","4/8/2025, 05:40:25"
jabón sólido hombre,B0DNG8TR28,"larum sports jabón natural cuerpo y cabello sándalo, gel de ducha solido con ingredientes 100% naturales, 2x 85g",https://www.amazon.es//larum-sports-natural-ingredientes-naturales/dp/B0DNG8TR28/ref=sr_1_23?dib=eyJ2IjoiMSJ9.i-06hQ87bFqzS-kYhrqWX1MVZO6UP0ZWfmMQMTsCGabThwO4tvQyltXOgbenR0IihKvmDFZ1Is71GkXy8xWiiB0W70cZLveEymIAO-7i8XHUrLSNZC-9CEZPjyHyO5J4bwuzg8jqUAwjmXrKDR26T-7Sjy0jgC046sGcrtE_gDjp5NUCFJT_KhG-0ugTmM3KQYAkkPgyVw-dIvcywCthXm1kpl1zE6UszhK_8_jtSRCf7lbSSOgPFFWD6XzuG4VEgZV0GcA4qPI7WcE3-p00VfoT2rTlOZPqeQAHUKkN9fE.2vXvMZP8plN6-EgjCzVMtHJtaqT8IPs35OqaPr09AGg&dib_tag=se&keywords=jab%C3%B3n%2Bs%C3%B3lido%2Bhombre&qid=1744062015&sr=8-23,"4,2 de 5 estrellas",,"12,99 €","4/8/2025, 05:40:25"
jabón sólido hombre,B0CC2VB656,Panu Soaps Menta - Jabón de Ducha Vegano para Todo Tipo de Piel - Jabón Natural como Gel de Ducha Sólido y Champú Sólido - Jabón de Ducha Natural como Gel de Ducha Sólido,https://www.amazon.es//Panu-Soaps-Menta-Vegano-Natural/dp/B0CC2VB656/ref=sr_1_24?dib=eyJ2IjoiMSJ9.i-06hQ87bFqzS-kYhrqWX1MVZO6UP0ZWfmMQMTsCGabThwO4tvQyltXOgbenR0IihKvmDFZ1Is71GkXy8xWiiB0W70cZLveEymIAO-7i8XHUrLSNZC-9CEZPjyHyO5J4bwuzg8jqUAwjmXrKDR26T-7Sjy0jgC046sGcrtE_gDjp5NUCFJT_KhG-0ugTmM3KQYAkkPgyVw-dIvcywCthXm1kpl1zE6UszhK_8_jtSRCf7lbSSOgPFFWD6XzuG4VEgZV0GcA4qPI7WcE3-p00VfoT2rTlOZPqeQAHUKkN9fE.2vXvMZP8plN6-EgjCzVMtHJtaqT8IPs35OqaPr09AGg&dib_tag=se&keywords=jab%C3%B3n%2Bs%C3%B3lido%2Bhombre&qid=1744062015&sr=8-24,"4,1 de 5 estrellas",,"7,99 €","4/8/2025, 05:40:25"
jabón sólido hombre,B0CL7HXFGC,Panier des Sens - Jabón Sólido – Jabón para Manos y Cuerpo al Geranio - Con Aceite de Oliva - Cuidado Corporal para Mujeres y Hombres - Natural 97% de Ingredientes Naturales – 2x150g,https://www.amazon.es//Panier-Sens-Jab%C3%B3n-s%C3%B3lido-Geranio/dp/B0CL7HXFGC/ref=sr_1_25?dib=eyJ2IjoiMSJ9.i-06hQ87bFqzS-kYhrqWX1MVZO6UP0ZWfmMQMTsCGabThwO4tvQyltXOgbenR0IihKvmDFZ1Is71GkXy8xWiiB0W70cZLveEymIAO-7i8XHUrLSNZC-9CEZPjyHyO5J4bwuzg8jqUAwjmXrKDR26T-7Sjy0jgC046sGcrtE_gDjp5NUCFJT_KhG-0ugTmM3KQYAkkPgyVw-dIvcywCthXm1kpl1zE6UszhK_8_jtSRCf7lbSSOgPFFWD6XzuG4VEgZV0GcA4qPI7WcE3-p00VfoT2rTlOZPqeQAHUKkN9fE.2vXvMZP8plN6-EgjCzVMtHJtaqT8IPs35OqaPr09AGg&dib_tag=se&keywords=jab%C3%B3n%2Bs%C3%B3lido%2Bhombre&qid=1744062015&sr=8-25,"4,4 de 5 estrellas",,"13,90 €","4/8/2025, 05:40:25"
jabón sólido hombre,B0CG5WKL1K,"Urtekram - Men's 2en1 Gel de Ducha y Champú Hombre, Con Extracto de Ginseng y Carbón de Sauce Orgánico, Refrescante y Revitalizante, Cabello & Cuerpo, 200 ml, De Origen Vegano, Orgánico y Natural",https://www.amazon.es//Urtekram-Extracto-Org%C3%A1nico-Refrescante-Revitalizante/dp/B0CG5WKL1K/ref=sr_1_26?dib=eyJ2IjoiMSJ9.i-06hQ87bFqzS-kYhrqWX1MVZO6UP0ZWfmMQMTsCGabThwO4tvQyltXOgbenR0IihKvmDFZ1Is71GkXy8xWiiB0W70cZLveEymIAO-7i8XHUrLSNZC-9CEZPjyHyO5J4bwuzg8jqUAwjmXrKDR26T-7Sjy0jgC046sGcrtE_gDjp5NUCFJT_KhG-0ugTmM3KQYAkkPgyVw-dIvcywCthXm1kpl1zE6UszhK_8_jtSRCf7lbSSOgPFFWD6XzuG4VEgZV0GcA4qPI7WcE3-p00VfoT2rTlOZPqeQAHUKkN9fE.2vXvMZP8plN6-EgjCzVMtHJtaqT8IPs35OqaPr09AGg&dib_tag=se&keywords=jab%C3%B3n%2Bs%C3%B3lido%2Bhombre&qid=1744062015&sr=8-26,"4,5 de 5 estrellas",,"7,00 €","4/8/2025, 05:40:26"
jabón sólido hombre,B0C9R5MS9S,Jabón Exfoliante de Algas Marinas - Confiança 1894 | Jabón Exfoliante Corporal | Jabón Pastilla Corporal para Limpieza de Mujer y Hombre | Pack de 3 Jabones Perfumados con Base de Origen Vegetal x 75g,https://www.amazon.es//Jab%C3%B3n-Exfoliante-Algas-Marinas-Ingredientes/dp/B0C9R5MS9S/ref=sr_1_27?dib=eyJ2IjoiMSJ9.i-06hQ87bFqzS-kYhrqWX1MVZO6UP0ZWfmMQMTsCGabThwO4tvQyltXOgbenR0IihKvmDFZ1Is71GkXy8xWiiB0W70cZLveEymIAO-7i8XHUrLSNZC-9CEZPjyHyO5J4bwuzg8jqUAwjmXrKDR26T-7Sjy0jgC046sGcrtE_gDjp5NUCFJT_KhG-0ugTmM3KQYAkkPgyVw-dIvcywCthXm1kpl1zE6UszhK_8_jtSRCf7lbSSOgPFFWD6XzuG4VEgZV0GcA4qPI7WcE3-p00VfoT2rTlOZPqeQAHUKkN9fE.2vXvMZP8plN6-EgjCzVMtHJtaqT8IPs35OqaPr09AGg&dib_tag=se&keywords=jab%C3%B3n%2Bs%C3%B3lido%2Bhombre&qid=1744062015&sr=8-27,"4,7 de 5 estrellas",,"9,99 €","4/8/2025, 05:40:26"
jabón sólido hombre,B0CRRQQ8RM,Störtebekker® Premium Champú sólido Fresh Mint (1 pc.) – Champú vegano hecho a mano para hombre y mujer – cuidado de ducha perfumado para la piel y el cabello – Champú hidratante sólido,https://www.amazon.es//St%C3%B6rtebekker%C2%AE-Premium-Champ%C3%BA-s%C3%B3lido-Fresh/dp/B0CRRQQ8RM/ref=sr_1_28?dib=eyJ2IjoiMSJ9.i-06hQ87bFqzS-kYhrqWX1MVZO6UP0ZWfmMQMTsCGabThwO4tvQyltXOgbenR0IihKvmDFZ1Is71GkXy8xWiiB0W70cZLveEymIAO-7i8XHUrLSNZC-9CEZPjyHyO5J4bwuzg8jqUAwjmXrKDR26T-7Sjy0jgC046sGcrtE_gDjp5NUCFJT_KhG-0ugTmM3KQYAkkPgyVw-dIvcywCthXm1kpl1zE6UszhK_8_jtSRCf7lbSSOgPFFWD6XzuG4VEgZV0GcA4qPI7WcE3-p00VfoT2rTlOZPqeQAHUKkN9fE.2vXvMZP8plN6-EgjCzVMtHJtaqT8IPs35OqaPr09AGg&dib_tag=se&keywords=jab%C3%B3n%2Bs%C3%B3lido%2Bhombre&qid=1744062015&sr=8-28,"4,2 de 5 estrellas",,"11,99 €","4/8/2025, 05:40:26"
jabón sólido hombre,B0CRRVXQWK,Störtebekker® Premium Champú sólido Aloe Vera (1 pc.) – Champú vegano hecho a mano para hombre y mujer – cuidado de ducha perfumado para la piel y el cabello – Champú hidratante sólido,https://www.amazon.es//St%C3%B6rtebekker%C2%AE-Premium-champ%C3%BA-s%C3%B3lido-Aloe/dp/B0CRRVXQWK/ref=sr_1_29?dib=eyJ2IjoiMSJ9.i-06hQ87bFqzS-kYhrqWX1MVZO6UP0ZWfmMQMTsCGabThwO4tvQyltXOgbenR0IihKvmDFZ1Is71GkXy8xWiiB0W70cZLveEymIAO-7i8XHUrLSNZC-9CEZPjyHyO5J4bwuzg8jqUAwjmXrKDR26T-7Sjy0jgC046sGcrtE_gDjp5NUCFJT_KhG-0ugTmM3KQYAkkPgyVw-dIvcywCthXm1kpl1zE6UszhK_8_jtSRCf7lbSSOgPFFWD6XzuG4VEgZV0GcA4qPI7WcE3-p00VfoT2rTlOZPqeQAHUKkN9fE.2vXvMZP8plN6-EgjCzVMtHJtaqT8IPs35OqaPr09AGg&dib_tag=se&keywords=jab%C3%B3n%2Bs%C3%B3lido%2Bhombre&qid=1744062015&sr=8-29,"4,5 de 5 estrellas",,"11,99 €","4/8/2025, 05:40:26"
jabón sólido hombre,B09HH32GCB,"larum sports jabón natural cuerpo y cabello pura, gel de ducha solido con ingredientes 100% naturales, 2x 85g",https://www.amazon.es//larum-sports-fragancias-colorantes-cosm%C3%A9tica/dp/B09HH32GCB/ref=sr_1_30?dib=eyJ2IjoiMSJ9.i-06hQ87bFqzS-kYhrqWX1MVZO6UP0ZWfmMQMTsCGabThwO4tvQyltXOgbenR0IihKvmDFZ1Is71GkXy8xWiiB0W70cZLveEymIAO-7i8XHUrLSNZC-9CEZPjyHyO5J4bwuzg8jqUAwjmXrKDR26T-7Sjy0jgC046sGcrtE_gDjp5NUCFJT_KhG-0ugTmM3KQYAkkPgyVw-dIvcywCthXm1kpl1zE6UszhK_8_jtSRCf7lbSSOgPFFWD6XzuG4VEgZV0GcA4qPI7WcE3-p00VfoT2rTlOZPqeQAHUKkN9fE.2vXvMZP8plN6-EgjCzVMtHJtaqT8IPs35OqaPr09AGg&dib_tag=se&keywords=jab%C3%B3n%2Bs%C3%B3lido%2Bhombre&qid=1744062015&sr=8-30,"4,2 de 5 estrellas",,"12,99 €","4/8/2025, 05:40:26"
jabón sólido hombre,B0752SXVBP,"Écrin de Fleur – Jabón de Menta 3-en-1, para Hombre, Jabón Artesanal Orgánico, Saponificado en Frío, 1x90g",https://www.amazon.es//%C3%89crin-Fleur-Artesanal-Org%C3%A1nico-Saponificado/dp/B0752SXVBP/ref=sr_1_31?dib=eyJ2IjoiMSJ9.i-06hQ87bFqzS-kYhrqWX1MVZO6UP0ZWfmMQMTsCGabThwO4tvQyltXOgbenR0IihKvmDFZ1Is71GkXy8xWiiB0W70cZLveEymIAO-7i8XHUrLSNZC-9CEZPjyHyO5J4bwuzg8jqUAwjmXrKDR26T-7Sjy0jgC046sGcrtE_gDjp5NUCFJT_KhG-0ugTmM3KQYAkkPgyVw-dIvcywCthXm1kpl1zE6UszhK_8_jtSRCf7lbSSOgPFFWD6XzuG4VEgZV0GcA4qPI7WcE3-p00VfoT2rTlOZPqeQAHUKkN9fE.2vXvMZP8plN6-EgjCzVMtHJtaqT8IPs35OqaPr09AGg&dib_tag=se&keywords=jab%C3%B3n%2Bs%C3%B3lido%2Bhombre&qid=1744062015&sr=8-31,"4,1 de 5 estrellas",,"10,90 €","4/8/2025, 05:40:26"
jabón sólido hombre,B0BL6VZM1W,"Luckyki Champú Jengibre, Champú anticaspa anticaída Jengibre, Champú Jengibre para el Crecimiento del Cabello, Jabón champú Jengibre, Champú Solido Jengibre para Hombres ujeres",https://www.amazon.es//Jengibre-anticaspa-antica%C3%ADda-jengibre-crecimiento/dp/B0BL6VZM1W/ref=sr_1_32?dib=eyJ2IjoiMSJ9.i-06hQ87bFqzS-kYhrqWX1MVZO6UP0ZWfmMQMTsCGabThwO4tvQyltXOgbenR0IihKvmDFZ1Is71GkXy8xWiiB0W70cZLveEymIAO-7i8XHUrLSNZC-9CEZPjyHyO5J4bwuzg8jqUAwjmXrKDR26T-7Sjy0jgC046sGcrtE_gDjp5NUCFJT_KhG-0ugTmM3KQYAkkPgyVw-dIvcywCthXm1kpl1zE6UszhK_8_jtSRCf7lbSSOgPFFWD6XzuG4VEgZV0GcA4qPI7WcE3-p00VfoT2rTlOZPqeQAHUKkN9fE.2vXvMZP8plN6-EgjCzVMtHJtaqT8IPs35OqaPr09AGg&dib_tag=se&keywords=jab%C3%B3n%2Bs%C3%B3lido%2Bhombre&qid=1744062015&sr=8-32,"4,2 de 5 estrellas",,"6,19 €","4/8/2025, 05:40:26"
jabón sólido hombre,B097RX2L21,"Brickell Men's Gel de ducha vigorizante para hombres, gel de ducha de limpieza profunda natural y orgánico con aloe, glicerina y jojoba, sin sulfatos, perfumado (madera de teca tropical, 473 ml)",https://www.amazon.es//sspa/click?ie=UTF8&spc=MTo1MjQ1NTU3NzQ5NjY1NjM4OjE3NDQwNjIwMTY6c3BfbXRmOjMwMDE3MjEyMTg5NTkzMjo6MDo6&url=%2FBrickell-Mens-vigorizante-glicerina-perfumado%2Fdp%2FB097RX2L21%2Fref%3Dsr_1_34_sspa%3Fdib%3DeyJ2IjoiMSJ9.i-06hQ87bFqzS-kYhrqWX1MVZO6UP0ZWfmMQMTsCGabThwO4tvQyltXOgbenR0IihKvmDFZ1Is71GkXy8xWiiB0W70cZLveEymIAO-7i8XHUrLSNZC-9CEZPjyHyO5J4bwuzg8jqUAwjmXrKDR26T-7Sjy0jgC046sGcrtE_gDjp5NUCFJT_KhG-0ugTmM3KQYAkkPgyVw-dIvcywCthXm1kpl1zE6UszhK_8_jtSRCf7lbSSOgPFFWD6XzuG4VEgZV0GcA4qPI7WcE3-p00VfoT2rTlOZPqeQAHUKkN9fE.2vXvMZP8plN6-EgjCzVMtHJtaqT8IPs35OqaPr09AGg%26dib_tag%3Dse%26keywords%3Djab%25C3%25B3n%252Bs%25C3%25B3lido%252Bhombre%26qid%3D1744062015%26sr%3D8-34-spons%26sp_csd%3Dd2lkZ2V0TmFtZT1zcF9tdGY%26psc%3D1,"4,3 de 5 estrellas",,"28,00 €","4/8/2025, 05:40:27"
jabón sólido hombre,B09HQRFZJD,Champú Solido Anticaspa. Pardo Natur | Elimina la descamación | Ingredientes naturales | 60 gr,https://www.amazon.es//sspa/click?ie=UTF8&spc=MTo1MjQ1NTU3NzQ5NjY1NjM4OjE3NDQwNjIwMTY6c3BfbXRmOjIwMDg5ODQ0NDEyNzAxOjowOjo&url=%2FAnticaspa-Pardo-descamaci%25C3%25B3n-Ingredientes-naturales%2Fdp%2FB09HQRFZJD%2Fref%3Dsr_1_35_sspa%3Fdib%3DeyJ2IjoiMSJ9.i-06hQ87bFqzS-kYhrqWX1MVZO6UP0ZWfmMQMTsCGabThwO4tvQyltXOgbenR0IihKvmDFZ1Is71GkXy8xWiiB0W70cZLveEymIAO-7i8XHUrLSNZC-9CEZPjyHyO5J4bwuzg8jqUAwjmXrKDR26T-7Sjy0jgC046sGcrtE_gDjp5NUCFJT_KhG-0ugTmM3KQYAkkPgyVw-dIvcywCthXm1kpl1zE6UszhK_8_jtSRCf7lbSSOgPFFWD6XzuG4VEgZV0GcA4qPI7WcE3-p00VfoT2rTlOZPqeQAHUKkN9fE.2vXvMZP8plN6-EgjCzVMtHJtaqT8IPs35OqaPr09AGg%26dib_tag%3Dse%26keywords%3Djab%25C3%25B3n%252Bs%25C3%25B3lido%252Bhombre%26qid%3D1744062015%26sr%3D8-35-spons%26sp_csd%3Dd2lkZ2V0TmFtZT1zcF9tdGY%26psc%3D1,"4,2 de 5 estrellas",,"3,49 €","4/8/2025, 05:40:27"
jabón sólido hombre,B07DT9JHGV,"Lote de 16 a 18 jabones de Marsella en bruto, extrapuros, con aceite de oliva. Peso total mínimo: 1,4 kg",https://www.amazon.es//sspa/click?ie=UTF8&spc=MTo1MjQ1NTU3NzQ5NjY1NjM4OjE3NDQwNjIwMTY6c3BfbXRmOjMwMDQ4NzU4ODU3MDEzMjo6MDo6&url=%2F18-jabones-Marsella-extrapuros-Jabones-procedentes%2Fdp%2FB07DT9JHGV%2Fref%3Dsr_1_36_sspa%3Fdib%3DeyJ2IjoiMSJ9.i-06hQ87bFqzS-kYhrqWX1MVZO6UP0ZWfmMQMTsCGabThwO4tvQyltXOgbenR0IihKvmDFZ1Is71GkXy8xWiiB0W70cZLveEymIAO-7i8XHUrLSNZC-9CEZPjyHyO5J4bwuzg8jqUAwjmXrKDR26T-7Sjy0jgC046sGcrtE_gDjp5NUCFJT_KhG-0ugTmM3KQYAkkPgyVw-dIvcywCthXm1kpl1zE6UszhK_8_jtSRCf7lbSSOgPFFWD6XzuG4VEgZV0GcA4qPI7WcE3-p00VfoT2rTlOZPqeQAHUKkN9fE.2vXvMZP8plN6-EgjCzVMtHJtaqT8IPs35OqaPr09AGg%26dib_tag%3Dse%26keywords%3Djab%25C3%25B3n%252Bs%25C3%25B3lido%252Bhombre%26qid%3D1744062015%26sr%3D8-36-spons%26sp_csd%3Dd2lkZ2V0TmFtZT1zcF9tdGY%26psc%3D1,"4,2 de 5 estrellas",,"25,95 €","4/8/2025, 05:40:27"
jabón sólido hombre,B0DNG6ZSXZ,"larum sports jabón natural cuerpo y cabello mandarina-basilio, jabon pastilla cuerpo, gel de ducha solido con ingredientes 100% naturales, 2x 85g",https://www.amazon.es//larum-sports-mandarina-basilio-ingredientes-naturales/dp/B0DNG6ZSXZ/ref=sr_1_37?dib=eyJ2IjoiMSJ9.i-06hQ87bFqzS-kYhrqWX1MVZO6UP0ZWfmMQMTsCGabThwO4tvQyltXOgbenR0IihKvmDFZ1Is71GkXy8xWiiB0W70cZLveEymIAO-7i8XHUrLSNZC-9CEZPjyHyO5J4bwuzg8jqUAwjmXrKDR26T-7Sjy0jgC046sGcrtE_gDjp5NUCFJT_KhG-0ugTmM3KQYAkkPgyVw-dIvcywCthXm1kpl1zE6UszhK_8_jtSRCf7lbSSOgPFFWD6XzuG4VEgZV0GcA4qPI7WcE3-p00VfoT2rTlOZPqeQAHUKkN9fE.2vXvMZP8plN6-EgjCzVMtHJtaqT8IPs35OqaPr09AGg&dib_tag=se&keywords=jab%C3%B3n%2Bs%C3%B3lido%2Bhombre&qid=1744062015&sr=8-37,"4,1 de 5 estrellas",,"12,99 €","4/8/2025, 05:40:27"
jabón sólido hombre,B0792HRB87,"Helan, Vetiver & Rum, Jabon de Manos Sólido para Manos y Cuerpo, Limpieza Suave para la Piel - Barra de Jabon Corporal Perfumada y Delicada, con Aceite de Almendras Dulces, 100 gr - Made in Italy",https://www.amazon.es//Helan-Vetiver-S%C3%B3lido-Cuerpo-Limpieza/dp/B0792HRB87/ref=sr_1_38?dib=eyJ2IjoiMSJ9.i-06hQ87bFqzS-kYhrqWX1MVZO6UP0ZWfmMQMTsCGabThwO4tvQyltXOgbenR0IihKvmDFZ1Is71GkXy8xWiiB0W70cZLveEymIAO-7i8XHUrLSNZC-9CEZPjyHyO5J4bwuzg8jqUAwjmXrKDR26T-7Sjy0jgC046sGcrtE_gDjp5NUCFJT_KhG-0ugTmM3KQYAkkPgyVw-dIvcywCthXm1kpl1zE6UszhK_8_jtSRCf7lbSSOgPFFWD6XzuG4VEgZV0GcA4qPI7WcE3-p00VfoT2rTlOZPqeQAHUKkN9fE.2vXvMZP8plN6-EgjCzVMtHJtaqT8IPs35OqaPr09AGg&dib_tag=se&keywords=jab%C3%B3n%2Bs%C3%B3lido%2Bhombre&qid=1744062015&sr=8-38,"4,1 de 5 estrellas",,"6,81 €","4/8/2025, 05:40:27"
jabón sólido hombre,B0DPKPJV5R,"Rostblant Jabón negro de 100g, jabón negro sólido para el cuerpo, limpieza profunda del cuerpo, jabón hidratante para la piel, limpiador corporal facial para hombres y mujeres",https://www.amazon.es//Rostblant-limpieza-profunda-hidratante-limpiador/dp/B0DPKPJV5R/ref=sr_1_39?dib=eyJ2IjoiMSJ9.i-06hQ87bFqzS-kYhrqWX1MVZO6UP0ZWfmMQMTsCGabThwO4tvQyltXOgbenR0IihKvmDFZ1Is71GkXy8xWiiB0W70cZLveEymIAO-7i8XHUrLSNZC-9CEZPjyHyO5J4bwuzg8jqUAwjmXrKDR26T-7Sjy0jgC046sGcrtE_gDjp5NUCFJT_KhG-0ugTmM3KQYAkkPgyVw-dIvcywCthXm1kpl1zE6UszhK_8_jtSRCf7lbSSOgPFFWD6XzuG4VEgZV0GcA4qPI7WcE3-p00VfoT2rTlOZPqeQAHUKkN9fE.2vXvMZP8plN6-EgjCzVMtHJtaqT8IPs35OqaPr09AGg&dib_tag=se&keywords=jab%C3%B3n%2Bs%C3%B3lido%2Bhombre&qid=1744062015&sr=8-39,,,"13,99 €","4/8/2025, 05:40:27"
jabón sólido hombre,B0B3NDC5W3,Set de Jabones Artesanales Naturales de Menta y Coco para Hombre incluye 4 pastillas de jabón premium Incluye un jabón negro que aporta sofisticación a tu cuidado personal,https://www.amazon.es//Artesanales-Naturales-pastillas-sofisticaci%C3%B3n-personal/dp/B0B3NDC5W3/ref=sr_1_40?dib=eyJ2IjoiMSJ9.i-06hQ87bFqzS-kYhrqWX1MVZO6UP0ZWfmMQMTsCGabThwO4tvQyltXOgbenR0IihKvmDFZ1Is71GkXy8xWiiB0W70cZLveEymIAO-7i8XHUrLSNZC-9CEZPjyHyO5J4bwuzg8jqUAwjmXrKDR26T-7Sjy0jgC046sGcrtE_gDjp5NUCFJT_KhG-0ugTmM3KQYAkkPgyVw-dIvcywCthXm1kpl1zE6UszhK_8_jtSRCf7lbSSOgPFFWD6XzuG4VEgZV0GcA4qPI7WcE3-p00VfoT2rTlOZPqeQAHUKkN9fE.2vXvMZP8plN6-EgjCzVMtHJtaqT8IPs35OqaPr09AGg&dib_tag=se&keywords=jab%C3%B3n%2Bs%C3%B3lido%2Bhombre&qid=1744062015&sr=8-40,"4,3 de 5 estrellas",,"16,87 €","4/8/2025, 05:40:27"
jabón sólido hombre,B0DJXJ1MRS,"2Pcs Champú Jengibre,Champú Sólido Jengibre, Barra de Champú de Jengibre, Champú Jengibre Anticaida, Barra de Champú de Jengibre, Jabón de Champú de Jengibre, para Hombres y Mujeres soap-6",https://www.amazon.es//Champ%C3%BA-Jengibre-Anticaida-Hombres-Mujeres/dp/B0DJXJ1MRS/ref=sr_1_41?dib=eyJ2IjoiMSJ9.i-06hQ87bFqzS-kYhrqWX1MVZO6UP0ZWfmMQMTsCGabThwO4tvQyltXOgbenR0IihKvmDFZ1Is71GkXy8xWiiB0W70cZLveEymIAO-7i8XHUrLSNZC-9CEZPjyHyO5J4bwuzg8jqUAwjmXrKDR26T-7Sjy0jgC046sGcrtE_gDjp5NUCFJT_KhG-0ugTmM3KQYAkkPgyVw-dIvcywCthXm1kpl1zE6UszhK_8_jtSRCf7lbSSOgPFFWD6XzuG4VEgZV0GcA4qPI7WcE3-p00VfoT2rTlOZPqeQAHUKkN9fE.2vXvMZP8plN6-EgjCzVMtHJtaqT8IPs35OqaPr09AGg&dib_tag=se&keywords=jab%C3%B3n%2Bs%C3%B3lido%2Bhombre&qid=1744062015&sr=8-41,,,"15,99 €","4/8/2025, 05:40:27"
jabón sólido hombre,B0CGVHD26P,"Champú de Jengibre,2pcs Champú Solido de Jengibre,Jabón Para El Crecimiento Del Cabello,Jabón de Champú de Jengibre,Barra de Champú de Jengibre,Champú de Jengibre Natural con Jabón de Espuma de Red",https://www.amazon.es//Champ%C3%BA-Jengibre-Crecimiento-Cabello-Natural/dp/B0CGVHD26P/ref=sr_1_42?dib=eyJ2IjoiMSJ9.i-06hQ87bFqzS-kYhrqWX1MVZO6UP0ZWfmMQMTsCGabThwO4tvQyltXOgbenR0IihKvmDFZ1Is71GkXy8xWiiB0W70cZLveEymIAO-7i8XHUrLSNZC-9CEZPjyHyO5J4bwuzg8jqUAwjmXrKDR26T-7Sjy0jgC046sGcrtE_gDjp5NUCFJT_KhG-0ugTmM3KQYAkkPgyVw-dIvcywCthXm1kpl1zE6UszhK_8_jtSRCf7lbSSOgPFFWD6XzuG4VEgZV0GcA4qPI7WcE3-p00VfoT2rTlOZPqeQAHUKkN9fE.2vXvMZP8plN6-EgjCzVMtHJtaqT8IPs35OqaPr09AGg&dib_tag=se&keywords=jab%C3%B3n%2Bs%C3%B3lido%2Bhombre&qid=1744062015&sr=8-42,"4,0 de 5 estrellas",,"11,99 €","4/8/2025, 05:40:27"
jabón sólido hombre,B0D7W9DZ8R,Störtebekker® Premium Champú sólido Sea Breeze (1 pc.) – Champú vegano hecho a mano para hombre y mujer – cuidado de ducha perfumado para la piel y el cabello – Champú hidratante sólido,https://www.amazon.es//St%C3%B6rtebekker%C2%AE-Premium-Champ%C3%BA-s%C3%B3lido-Breeze/dp/B0D7W9DZ8R/ref=sr_1_43?dib=eyJ2IjoiMSJ9.i-06hQ87bFqzS-kYhrqWX1MVZO6UP0ZWfmMQMTsCGabThwO4tvQyltXOgbenR0IihKvmDFZ1Is71GkXy8xWiiB0W70cZLveEymIAO-7i8XHUrLSNZC-9CEZPjyHyO5J4bwuzg8jqUAwjmXrKDR26T-7Sjy0jgC046sGcrtE_gDjp5NUCFJT_KhG-0ugTmM3KQYAkkPgyVw-dIvcywCthXm1kpl1zE6UszhK_8_jtSRCf7lbSSOgPFFWD6XzuG4VEgZV0GcA4qPI7WcE3-p00VfoT2rTlOZPqeQAHUKkN9fE.2vXvMZP8plN6-EgjCzVMtHJtaqT8IPs35OqaPr09AGg&dib_tag=se&keywords=jab%C3%B3n%2Bs%C3%B3lido%2Bhombre&qid=1744062015&sr=8-43,"4,2 de 5 estrellas",,"11,99 €","4/8/2025, 05:40:28"
jabón sólido hombre,B09XMVFNC8,"Weleda – Jabón de Ducha Sólido Refrescante, Fragancia Revitalizante, con Geranio y Litsea Cubeba, Limpia la Piel sin Resecarla, 100% Biodegradable, Apto para Todo Tipo de Piel - Pastilla de 75 g",https://www.amazon.es//Jab%C3%B3n-de-ducha-s%C3%B3lido-Refrescante/dp/B09XMVFNC8/ref=sr_1_44?dib=eyJ2IjoiMSJ9.i-06hQ87bFqzS-kYhrqWX1MVZO6UP0ZWfmMQMTsCGabThwO4tvQyltXOgbenR0IihKvmDFZ1Is71GkXy8xWiiB0W70cZLveEymIAO-7i8XHUrLSNZC-9CEZPjyHyO5J4bwuzg8jqUAwjmXrKDR26T-7Sjy0jgC046sGcrtE_gDjp5NUCFJT_KhG-0ugTmM3KQYAkkPgyVw-dIvcywCthXm1kpl1zE6UszhK_8_jtSRCf7lbSSOgPFFWD6XzuG4VEgZV0GcA4qPI7WcE3-p00VfoT2rTlOZPqeQAHUKkN9fE.2vXvMZP8plN6-EgjCzVMtHJtaqT8IPs35OqaPr09AGg&dib_tag=se&keywords=jab%C3%B3n%2Bs%C3%B3lido%2Bhombre&qid=1744062015&sr=8-44,"4,5 de 5 estrellas",,,"4/8/2025, 05:40:28"
jabón sólido hombre,B0CW1RPG7K,Störtebekker® Premium champú sólido edición Pascua (bergamota) (x1) - Champú vegano hecho a mano para hombre y mujer - cuidado de ducha perfumado para la piel y el cabello - Champú hidratante,https://www.amazon.es//St%C3%B6rtebekker%C2%AE-Premium-champ%C3%BA-edici%C3%B3n-bergamota/dp/B0CW1RPG7K/ref=sr_1_45?dib=eyJ2IjoiMSJ9.i-06hQ87bFqzS-kYhrqWX1MVZO6UP0ZWfmMQMTsCGabThwO4tvQyltXOgbenR0IihKvmDFZ1Is71GkXy8xWiiB0W70cZLveEymIAO-7i8XHUrLSNZC-9CEZPjyHyO5J4bwuzg8jqUAwjmXrKDR26T-7Sjy0jgC046sGcrtE_gDjp5NUCFJT_KhG-0ugTmM3KQYAkkPgyVw-dIvcywCthXm1kpl1zE6UszhK_8_jtSRCf7lbSSOgPFFWD6XzuG4VEgZV0GcA4qPI7WcE3-p00VfoT2rTlOZPqeQAHUKkN9fE.2vXvMZP8plN6-EgjCzVMtHJtaqT8IPs35OqaPr09AGg&dib_tag=se&keywords=jab%C3%B3n%2Bs%C3%B3lido%2Bhombre&qid=1744062015&sr=8-45,"4,4 de 5 estrellas",,"11,99 €","4/8/2025, 05:40:28"
jabón sólido hombre,B0CZJRZBSG,"Dr.Ancient Barra de Jabón de Sándalo Orgánico Natural Vegano Tradicional Hecho a Mano Antiguo -Antiinflamatoria, Antienvejecimiento- Absolutamente Sin Químicos! Jabón Puro Natural! 140g (Paquete de 1)",https://www.amazon.es//Dr-Ancient-Tradicional-Antiinflamatoria-Antienvejecimiento-Absolutamente/dp/B0CZJRZBSG/ref=sr_1_46?dib=eyJ2IjoiMSJ9.i-06hQ87bFqzS-kYhrqWX1MVZO6UP0ZWfmMQMTsCGabThwO4tvQyltXOgbenR0IihKvmDFZ1Is71GkXy8xWiiB0W70cZLveEymIAO-7i8XHUrLSNZC-9CEZPjyHyO5J4bwuzg8jqUAwjmXrKDR26T-7Sjy0jgC046sGcrtE_gDjp5NUCFJT_KhG-0ugTmM3KQYAkkPgyVw-dIvcywCthXm1kpl1zE6UszhK_8_jtSRCf7lbSSOgPFFWD6XzuG4VEgZV0GcA4qPI7WcE3-p00VfoT2rTlOZPqeQAHUKkN9fE.2vXvMZP8plN6-EgjCzVMtHJtaqT8IPs35OqaPr09AGg&dib_tag=se&keywords=jab%C3%B3n%2Bs%C3%B3lido%2Bhombre&qid=1744062015&sr=8-46,"4,2 de 5 estrellas",,"9,90 €","4/8/2025, 05:40:28"
jabón sólido hombre,B0DP2V724J,Störtebekker® Premium Champú sólido Lavanda - Champú vegano hecho a mano para hombre y mujer - cuidado de ducha perfumado para la piel y el cabello - Champú hidratante sólido - Champú Bar 100g,https://www.amazon.es//St%C3%B6rtebekker%C2%AE-Premium-Champ%C3%BA-s%C3%B3lido-Lavanda/dp/B0DP2V724J/ref=sr_1_47?dib=eyJ2IjoiMSJ9.i-06hQ87bFqzS-kYhrqWX1MVZO6UP0ZWfmMQMTsCGabThwO4tvQyltXOgbenR0IihKvmDFZ1Is71GkXy8xWiiB0W70cZLveEymIAO-7i8XHUrLSNZC-9CEZPjyHyO5J4bwuzg8jqUAwjmXrKDR26T-7Sjy0jgC046sGcrtE_gDjp5NUCFJT_KhG-0ugTmM3KQYAkkPgyVw-dIvcywCthXm1kpl1zE6UszhK_8_jtSRCf7lbSSOgPFFWD6XzuG4VEgZV0GcA4qPI7WcE3-p00VfoT2rTlOZPqeQAHUKkN9fE.2vXvMZP8plN6-EgjCzVMtHJtaqT8IPs35OqaPr09AGg&dib_tag=se&keywords=jab%C3%B3n%2Bs%C3%B3lido%2Bhombre&qid=1744062015&sr=8-47,"4,7 de 5 estrellas",,"11,99 €","4/8/2025, 05:40:28"
jabón sólido hombre,B01FZ4ZBB8,"Dermoxen 4 Men Gel Limpiador Íntimo Hombre Antibacterias y Antiolores contra el Mal Olor Íntimo. Jabón Íntimo Masculino con Fibras Prebiótica y Mentol, Frescura para Higiene íntima Masculina. 125 ml",https://www.amazon.es//Dermoxen-Antibacterias-Prebi%C3%B3ticas-%C3%8Dntimo-Masculina/dp/B01FZ4ZBB8/ref=sr_1_48?dib=eyJ2IjoiMSJ9.i-06hQ87bFqzS-kYhrqWX1MVZO6UP0ZWfmMQMTsCGabThwO4tvQyltXOgbenR0IihKvmDFZ1Is71GkXy8xWiiB0W70cZLveEymIAO-7i8XHUrLSNZC-9CEZPjyHyO5J4bwuzg8jqUAwjmXrKDR26T-7Sjy0jgC046sGcrtE_gDjp5NUCFJT_KhG-0ugTmM3KQYAkkPgyVw-dIvcywCthXm1kpl1zE6UszhK_8_jtSRCf7lbSSOgPFFWD6XzuG4VEgZV0GcA4qPI7WcE3-p00VfoT2rTlOZPqeQAHUKkN9fE.2vXvMZP8plN6-EgjCzVMtHJtaqT8IPs35OqaPr09AGg&dib_tag=se&keywords=jab%C3%B3n%2Bs%C3%B3lido%2Bhombre&qid=1744062015&sr=8-48,"4,1 de 5 estrellas",,"13,50 €","4/8/2025, 05:40:28"
jabón sólido hombre,B07JL8QYPW,Viking Revolution Juego Champú y Acondicionador Para Barba con Aceites de Argán y Jojoba - Champú Barba de Hombre que Suaviza y Fortalece - Aroma Natural de Sándalo (2 x 150 ml),https://www.amazon.es//Viking-Revolution-Lavado-Acondicionador-jojoba/dp/B07JL8QYPW/ref=sr_1_49?dib=eyJ2IjoiMSJ9.i-06hQ87bFqzS-kYhrqWX1MVZO6UP0ZWfmMQMTsCGabThwO4tvQyltXOgbenR0IihKvmDFZ1Is71GkXy8xWiiB0W70cZLveEymIAO-7i8XHUrLSNZC-9CEZPjyHyO5J4bwuzg8jqUAwjmXrKDR26T-7Sjy0jgC046sGcrtE_gDjp5NUCFJT_KhG-0ugTmM3KQYAkkPgyVw-dIvcywCthXm1kpl1zE6UszhK_8_jtSRCf7lbSSOgPFFWD6XzuG4VEgZV0GcA4qPI7WcE3-p00VfoT2rTlOZPqeQAHUKkN9fE.2vXvMZP8plN6-EgjCzVMtHJtaqT8IPs35OqaPr09AGg&dib_tag=se&keywords=jab%C3%B3n%2Bs%C3%B3lido%2Bhombre&qid=1744062015&sr=8-49,"4,6 de 5 estrellas",,"11,99 €","4/8/2025, 05:40:28"
jabón sólido hombre,B0CRRXN7QT,Störtebekker® Premium Champú sólido Coco (1 pc.) – Champú vegano hecho a mano para hombre y mujer – cuidado de ducha perfumado para la piel y el cabello – Champú hidratante sólido,https://www.amazon.es//St%C3%B6rtebekker%C2%AE-Premium-cuidado-perfumado-hidratante/dp/B0CRRXN7QT/ref=sr_1_50?dib=eyJ2IjoiMSJ9.i-06hQ87bFqzS-kYhrqWX1MVZO6UP0ZWfmMQMTsCGabThwO4tvQyltXOgbenR0IihKvmDFZ1Is71GkXy8xWiiB0W70cZLveEymIAO-7i8XHUrLSNZC-9CEZPjyHyO5J4bwuzg8jqUAwjmXrKDR26T-7Sjy0jgC046sGcrtE_gDjp5NUCFJT_KhG-0ugTmM3KQYAkkPgyVw-dIvcywCthXm1kpl1zE6UszhK_8_jtSRCf7lbSSOgPFFWD6XzuG4VEgZV0GcA4qPI7WcE3-p00VfoT2rTlOZPqeQAHUKkN9fE.2vXvMZP8plN6-EgjCzVMtHJtaqT8IPs35OqaPr09AGg&dib_tag=se&keywords=jab%C3%B3n%2Bs%C3%B3lido%2Bhombre&qid=1744062015&sr=8-50,"4,3 de 5 estrellas",,"11,99 €","4/8/2025, 05:40:28"
jabón sólido hombre,B074781RXX,"Bali Soap - Juego de regalo de barra de jabón natural, jabón facial o corporal, ideal para todo tipo de piel, para mujeres, hombres y adolescentes, paquete de 3 jabones variados 3.5 oz cada uno",https://www.amazon.es//Bali-Soap-Natural-Sandalwood-Ylang-Ylang/dp/B074781RXX/ref=sr_1_51?dib=eyJ2IjoiMSJ9.i-06hQ87bFqzS-kYhrqWX1MVZO6UP0ZWfmMQMTsCGabThwO4tvQyltXOgbenR0IihKvmDFZ1Is71GkXy8xWiiB0W70cZLveEymIAO-7i8XHUrLSNZC-9CEZPjyHyO5J4bwuzg8jqUAwjmXrKDR26T-7Sjy0jgC046sGcrtE_gDjp5NUCFJT_KhG-0ugTmM3KQYAkkPgyVw-dIvcywCthXm1kpl1zE6UszhK_8_jtSRCf7lbSSOgPFFWD6XzuG4VEgZV0GcA4qPI7WcE3-p00VfoT2rTlOZPqeQAHUKkN9fE.2vXvMZP8plN6-EgjCzVMtHJtaqT8IPs35OqaPr09AGg&dib_tag=se&keywords=jab%C3%B3n%2Bs%C3%B3lido%2Bhombre&qid=1744062015&sr=8-51,"4,4 de 5 estrellas",,"13,95 €","4/8/2025, 05:40:28"
jabón sólido hombre,B0B46V1H55,"SatinNaturel Set Champú y acondicionador solido - 100% Organico: Sin Jabon, siliconas o parabenos - Espuma extra para todos los tipos de cabellos - Hidratación & Brillo - Regalo Mujer y hombre",https://www.amazon.es//Set-Champu-solido-acondicionador-Hidrataci%C3%B3n/dp/B0B46V1H55/ref=sr_1_52?dib=eyJ2IjoiMSJ9.i-06hQ87bFqzS-kYhrqWX1MVZO6UP0ZWfmMQMTsCGabThwO4tvQyltXOgbenR0IihKvmDFZ1Is71GkXy8xWiiB0W70cZLveEymIAO-7i8XHUrLSNZC-9CEZPjyHyO5J4bwuzg8jqUAwjmXrKDR26T-7Sjy0jgC046sGcrtE_gDjp5NUCFJT_KhG-0ugTmM3KQYAkkPgyVw-dIvcywCthXm1kpl1zE6UszhK_8_jtSRCf7lbSSOgPFFWD6XzuG4VEgZV0GcA4qPI7WcE3-p00VfoT2rTlOZPqeQAHUKkN9fE.2vXvMZP8plN6-EgjCzVMtHJtaqT8IPs35OqaPr09AGg&dib_tag=se&keywords=jab%C3%B3n%2Bs%C3%B3lido%2Bhombre&qid=1744062015&sr=8-52,"4,2 de 5 estrellas",,"15,99 €","4/8/2025, 05:40:28"
jabón sólido hombre,B0DF71LD5R,"2 Piezas Jabón Brillo Gris, Anti Gray Bar, Champú Sólido en Barra, Jabón Capilar Natural para Canas, Revitalizabl, para Oscurecer el Cabello,1 Red Burbujas, para Hombres y Mujeres",https://www.amazon.es//Capilar-Natural-Revitalizabl-Oscurecer-Burbujas/dp/B0DF71LD5R/ref=sr_1_53?dib=eyJ2IjoiMSJ9.i-06hQ87bFqzS-kYhrqWX1MVZO6UP0ZWfmMQMTsCGabThwO4tvQyltXOgbenR0IihKvmDFZ1Is71GkXy8xWiiB0W70cZLveEymIAO-7i8XHUrLSNZC-9CEZPjyHyO5J4bwuzg8jqUAwjmXrKDR26T-7Sjy0jgC046sGcrtE_gDjp5NUCFJT_KhG-0ugTmM3KQYAkkPgyVw-dIvcywCthXm1kpl1zE6UszhK_8_jtSRCf7lbSSOgPFFWD6XzuG4VEgZV0GcA4qPI7WcE3-p00VfoT2rTlOZPqeQAHUKkN9fE.2vXvMZP8plN6-EgjCzVMtHJtaqT8IPs35OqaPr09AGg&dib_tag=se&keywords=jab%C3%B3n%2Bs%C3%B3lido%2Bhombre&qid=1744062015&sr=8-53,,,"7,90 €","4/8/2025, 05:40:29"
jabón sólido hombre,B0DP2SVSCH,Störtebekker® Premium Champú sólido Citrus (x3) - Champú vegano hecho a mano para hombre y mujer - cuidado de ducha perfumado para la piel y el cabello - Champú hidratante sólido - Champú Bar,https://www.amazon.es//St%C3%B6rtebekker%C2%AE-Premium-Champ%C3%BA-s%C3%B3lido-Citrus/dp/B0DP2SVSCH/ref=sr_1_54?dib=eyJ2IjoiMSJ9.i-06hQ87bFqzS-kYhrqWX1MVZO6UP0ZWfmMQMTsCGabThwO4tvQyltXOgbenR0IihKvmDFZ1Is71GkXy8xWiiB0W70cZLveEymIAO-7i8XHUrLSNZC-9CEZPjyHyO5J4bwuzg8jqUAwjmXrKDR26T-7Sjy0jgC046sGcrtE_gDjp5NUCFJT_KhG-0ugTmM3KQYAkkPgyVw-dIvcywCthXm1kpl1zE6UszhK_8_jtSRCf7lbSSOgPFFWD6XzuG4VEgZV0GcA4qPI7WcE3-p00VfoT2rTlOZPqeQAHUKkN9fE.2vXvMZP8plN6-EgjCzVMtHJtaqT8IPs35OqaPr09AGg&dib_tag=se&keywords=jab%C3%B3n%2Bs%C3%B3lido%2Bhombre&qid=1744062015&sr=8-54,"4,2 de 5 estrellas",,"30,99 €","4/8/2025, 05:40:29"
jabón sólido hombre,B00C8R4YBE,"Evyap Jabón de afeitar en barra de 75 g, 6 unidades, perfume fantástico, potente y de larga duración, para hombres, paquete tradicional",https://www.amazon.es//afeitar-unidades-fant%C3%A1stico-duraci%C3%B3n-tradicional/dp/B00C8R4YBE/ref=sr_1_55?dib=eyJ2IjoiMSJ9.i-06hQ87bFqzS-kYhrqWX1MVZO6UP0ZWfmMQMTsCGabThwO4tvQyltXOgbenR0IihKvmDFZ1Is71GkXy8xWiiB0W70cZLveEymIAO-7i8XHUrLSNZC-9CEZPjyHyO5J4bwuzg8jqUAwjmXrKDR26T-7Sjy0jgC046sGcrtE_gDjp5NUCFJT_KhG-0ugTmM3KQYAkkPgyVw-dIvcywCthXm1kpl1zE6UszhK_8_jtSRCf7lbSSOgPFFWD6XzuG4VEgZV0GcA4qPI7WcE3-p00VfoT2rTlOZPqeQAHUKkN9fE.2vXvMZP8plN6-EgjCzVMtHJtaqT8IPs35OqaPr09AGg&dib_tag=se&keywords=jab%C3%B3n%2Bs%C3%B3lido%2Bhombre&qid=1744062015&sr=8-55,"4,8 de 5 estrellas",,"13,59 €","4/8/2025, 05:40:29"
jabón sólido hombre,B0BZ55G28D,"Old Spice Captain Gel De Ducha Y Champú Para Hombres 2x1000ml, Gel Para Cara, Cuerpo Y Pelo 3 En 1 Multiusos, Frescura Duradera, Fragancia Excepcional, Limpieza Profunda",https://www.amazon.es//Old-Spice-Captain-Hombres-Duradero/dp/B0BZ55G28D/ref=sr_1_56?dib=eyJ2IjoiMSJ9.i-06hQ87bFqzS-kYhrqWX1MVZO6UP0ZWfmMQMTsCGabThwO4tvQyltXOgbenR0IihKvmDFZ1Is71GkXy8xWiiB0W70cZLveEymIAO-7i8XHUrLSNZC-9CEZPjyHyO5J4bwuzg8jqUAwjmXrKDR26T-7Sjy0jgC046sGcrtE_gDjp5NUCFJT_KhG-0ugTmM3KQYAkkPgyVw-dIvcywCthXm1kpl1zE6UszhK_8_jtSRCf7lbSSOgPFFWD6XzuG4VEgZV0GcA4qPI7WcE3-p00VfoT2rTlOZPqeQAHUKkN9fE.2vXvMZP8plN6-EgjCzVMtHJtaqT8IPs35OqaPr09AGg&dib_tag=se&keywords=jab%C3%B3n%2Bs%C3%B3lido%2Bhombre&qid=1744062015&sr=8-56,"4,7 de 5 estrellas",,"15,70 €","4/8/2025, 05:40:29"
jabón sólido hombre,B0DS3VWTMC,"2Piezas Esponja de Jabón de Baño 2 en 1,Esponja de Lufa Envuelta con Cordón,Esponja de Lufa Exfoliante,Esponja de Baño Rica en Espuma,Para Hombres y Mujeres,Productos de Baño,Piel Limpia",https://www.amazon.es//2Piezas-Esponja-Envuelta-Exfoliante-Productos/dp/B0DS3VWTMC/ref=sr_1_57?dib=eyJ2IjoiMSJ9.i-06hQ87bFqzS-kYhrqWX1MVZO6UP0ZWfmMQMTsCGabThwO4tvQyltXOgbenR0IihKvmDFZ1Is71GkXy8xWiiB0W70cZLveEymIAO-7i8XHUrLSNZC-9CEZPjyHyO5J4bwuzg8jqUAwjmXrKDR26T-7Sjy0jgC046sGcrtE_gDjp5NUCFJT_KhG-0ugTmM3KQYAkkPgyVw-dIvcywCthXm1kpl1zE6UszhK_8_jtSRCf7lbSSOgPFFWD6XzuG4VEgZV0GcA4qPI7WcE3-p00VfoT2rTlOZPqeQAHUKkN9fE.2vXvMZP8plN6-EgjCzVMtHJtaqT8IPs35OqaPr09AGg&dib_tag=se&keywords=jab%C3%B3n%2Bs%C3%B3lido%2Bhombre&qid=1744062015&sr=8-57,"5,0 de 5 estrellas",,"10,59 €","4/8/2025, 05:40:29"
jabón sólido hombre,B0CRVC2254,"Störtebekker® Premium - Champú sólido (4 fragancias) 60 g x 4 – Champú vegano hecho a mano, para hombre y mujer, cuidado de ducha perfumado para la piel y el cabello, champú hidratante sólido",https://www.amazon.es//St%C3%B6rtebekker%C2%AE-Premium-fragancias-perfumado-hidratante/dp/B0CRVC2254/ref=sr_1_58?dib=eyJ2IjoiMSJ9.i-06hQ87bFqzS-kYhrqWX1MVZO6UP0ZWfmMQMTsCGabThwO4tvQyltXOgbenR0IihKvmDFZ1Is71GkXy8xWiiB0W70cZLveEymIAO-7i8XHUrLSNZC-9CEZPjyHyO5J4bwuzg8jqUAwjmXrKDR26T-7Sjy0jgC046sGcrtE_gDjp5NUCFJT_KhG-0ugTmM3KQYAkkPgyVw-dIvcywCthXm1kpl1zE6UszhK_8_jtSRCf7lbSSOgPFFWD6XzuG4VEgZV0GcA4qPI7WcE3-p00VfoT2rTlOZPqeQAHUKkN9fE.2vXvMZP8plN6-EgjCzVMtHJtaqT8IPs35OqaPr09AGg&dib_tag=se&keywords=jab%C3%B3n%2Bs%C3%B3lido%2Bhombre&qid=1744062015&sr=8-58,"4,4 de 5 estrellas",,"39,99 €","4/8/2025, 05:40:30"
jabón sólido hombre,B085S76C4X,Pears Soft & Fresh Jabón líquido para manos con 10 veces más de hidratación* 250ml (3 Pack),https://www.amazon.es//sspa/click?ie=UTF8&spc=MTo1MjQ1NTU3NzQ5NjY1NjM4OjE3NDQwNjIwMTY6c3BfYnRmOjMwMDQzODIyNDMzMzIzMjo6MDo6&url=%2FPears-Fresh-Jab%25C3%25B3n-l%25C3%25ADquido-hidrataci%25C3%25B3n%2Fdp%2FB085S76C4X%2Fref%3Dsr_1_60_sspa%3Fdib%3DeyJ2IjoiMSJ9.i-06hQ87bFqzS-kYhrqWX1MVZO6UP0ZWfmMQMTsCGabThwO4tvQyltXOgbenR0IihKvmDFZ1Is71GkXy8xWiiB0W70cZLveEymIAO-7i8XHUrLSNZC-9CEZPjyHyO5J4bwuzg8jqUAwjmXrKDR26T-7Sjy0jgC046sGcrtE_gDjp5NUCFJT_KhG-0ugTmM3KQYAkkPgyVw-dIvcywCthXm1kpl1zE6UszhK_8_jtSRCf7lbSSOgPFFWD6XzuG4VEgZV0GcA4qPI7WcE3-p00VfoT2rTlOZPqeQAHUKkN9fE.2vXvMZP8plN6-EgjCzVMtHJtaqT8IPs35OqaPr09AGg%26dib_tag%3Dse%26keywords%3Djab%25C3%25B3n%252Bs%25C3%25B3lido%252Bhombre%26qid%3D1744062015%26sr%3D8-60-spons%26sp_csd%3Dd2lkZ2V0TmFtZT1zcF9idGY%26psc%3D1,"4,6 de 5 estrellas",,"16,00 €","4/8/2025, 05:40:30"
jabón sólido hombre,B0CFBC9KJF,"RITUALS Caja de regalo Homme, Small – Set de baño para hombre con productos para el cuidado de la piel con bambú, menta y madera de cedro – Propiedades estimulantes",https://www.amazon.es//sspa/click?ie=UTF8&spc=MTo0NDk5MDMzMjk0NDQ3OTY5OjE3NDQwNjIwMzE6c3BfYXRmX25leHQ6MzAwNDU3OTM4NTk1NDMyOjowOjo&url=%2FRITUALS-Cofre-regalo-Homme-estimulantes%2Fdp%2FB0CFBC9KJF%2Fref%3Dsr_1_49_sspa%3Fdib%3DeyJ2IjoiMSJ9.SzG4A8zx-slqdRpErQ78KkVWr3Tjvc-HwiLO2rxBOH57PVEh7EHTkvwrqMTZIx9oowLhBDJBvLWuZbfTreEyeMcdSKTlkQgo9nMfJEEWX5UDDNN_S4cvF6bvOeKTY9Q06Y5TBwmh-OLpAOY6Z571dUPC0id36fr4ePdO1qJdQERYNHK8rWlH28oEsMGP6NjGU79uZDjjTnZZf5xJ402vdwkMFkzTKXkczpV9Lpp8wjv-D4jpjobQs1d0iLiVGIRcLNlMgu98i2msg5uFiULGHqqQnFp_IFPhesj6OXiyt8o.vmMm8ISs3NHJQArLi0AJkua8LvX-k8XUiF_8s0NXRMo%26dib_tag%3Dse%26keywords%3Djab%25C3%25B3n%252Bs%25C3%25B3lido%252Bhombre%26qid%3D1744062031%26sr%3D8-49-spons%26sp_csd%3Dd2lkZ2V0TmFtZT1zcF9hdGZfbmV4dA%26psc%3D1,"4,7 de 5 estrellas",,"25,90 €","4/8/2025, 05:40:38"
jabón sólido hombre,B085S76C4X,Pears Soft & Fresh Jabón líquido para manos con 10 veces más de hidratación* 250ml (3 Pack),https://www.amazon.es//sspa/click?ie=UTF8&spc=MTo0NDk5MDMzMjk0NDQ3OTY5OjE3NDQwNjIwMzE6c3BfYXRmX25leHQ6MzAwNDM4MTc4NzcwMTMyOjowOjo&url=%2FPears-Fresh-Jab%25C3%25B3n-l%25C3%25ADquido-hidrataci%25C3%25B3n%2Fdp%2FB085S76C4X%2Fref%3Dsr_1_50_sspa%3Fdib%3DeyJ2IjoiMSJ9.SzG4A8zx-slqdRpErQ78KkVWr3Tjvc-HwiLO2rxBOH57PVEh7EHTkvwrqMTZIx9oowLhBDJBvLWuZbfTreEyeMcdSKTlkQgo9nMfJEEWX5UDDNN_S4cvF6bvOeKTY9Q06Y5TBwmh-OLpAOY6Z571dUPC0id36fr4ePdO1qJdQERYNHK8rWlH28oEsMGP6NjGU79uZDjjTnZZf5xJ402vdwkMFkzTKXkczpV9Lpp8wjv-D4jpjobQs1d0iLiVGIRcLNlMgu98i2msg5uFiULGHqqQnFp_IFPhesj6OXiyt8o.vmMm8ISs3NHJQArLi0AJkua8LvX-k8XUiF_8s0NXRMo%26dib_tag%3Dse%26keywords%3Djab%25C3%25B3n%252Bs%25C3%25B3lido%252Bhombre%26qid%3D1744062031%26sr%3D8-50-spons%26sp_csd%3Dd2lkZ2V0TmFtZT1zcF9hdGZfbmV4dA%26psc%3D1,"4,6 de 5 estrellas",,"16,00 €","4/8/2025, 05:40:38"
jabón sólido hombre,B09HQYH9QT,Pardo Jabón Natural - 200 g - Pastilla de jabón sólido de 200 gr Pardo Vintage ‘Casa en la Alcarria – Verbena y Toscana’,https://www.amazon.es//sspa/click?ie=UTF8&spc=MTo0NDk5MDMzMjk0NDQ3OTY5OjE3NDQwNjIwMzE6c3BfYXRmX25leHQ6MjAwMzc2NDExNTY1OTg6OjA6Og&url=%2FPardo-Vintage-Alcarria-Verbena-Toscana%2Fdp%2FB09HQYH9QT%2Fref%3Dsr_1_51_sspa%3Fdib%3DeyJ2IjoiMSJ9.SzG4A8zx-slqdRpErQ78KkVWr3Tjvc-HwiLO2rxBOH57PVEh7EHTkvwrqMTZIx9oowLhBDJBvLWuZbfTreEyeMcdSKTlkQgo9nMfJEEWX5UDDNN_S4cvF6bvOeKTY9Q06Y5TBwmh-OLpAOY6Z571dUPC0id36fr4ePdO1qJdQERYNHK8rWlH28oEsMGP6NjGU79uZDjjTnZZf5xJ402vdwkMFkzTKXkczpV9Lpp8wjv-D4jpjobQs1d0iLiVGIRcLNlMgu98i2msg5uFiULGHqqQnFp_IFPhesj6OXiyt8o.vmMm8ISs3NHJQArLi0AJkua8LvX-k8XUiF_8s0NXRMo%26dib_tag%3Dse%26keywords%3Djab%25C3%25B3n%252Bs%25C3%25B3lido%252Bhombre%26qid%3D1744062031%26sr%3D8-51-spons%26sp_csd%3Dd2lkZ2V0TmFtZT1zcF9hdGZfbmV4dA%26psc%3D1,"4,4 de 5 estrellas",,"3,50 €","4/8/2025, 05:40:38"
jabón sólido hombre,B0B8X4DQDH,"IDIKÖ Champú Anticaída Hombre y Mujer 250ml, Estimula el Crecimiento del Cabello, Shampoo Anticaída para el Pelo, Normaliza el Ciclo de Crecimiento Capilar, Champú Profesional de Peluquería",https://www.amazon.es//sspa/click?ie=UTF8&spc=MTo0NDk5MDMzMjk0NDQ3OTY5OjE3NDQwNjIwMzE6c3BfYXRmX25leHQ6MzAwNTE4MjM1MjY5NjMyOjowOjo&url=%2FIDIK%25C3%2596-Anticaida-Fortalecedor-Antica%25C3%25ADda-RescueHAIR%2Fdp%2FB0B8X4DQDH%2Fref%3Dsr_1_52_sspa%3Fdib%3DeyJ2IjoiMSJ9.SzG4A8zx-slqdRpErQ78KkVWr3Tjvc-HwiLO2rxBOH57PVEh7EHTkvwrqMTZIx9oowLhBDJBvLWuZbfTreEyeMcdSKTlkQgo9nMfJEEWX5UDDNN_S4cvF6bvOeKTY9Q06Y5TBwmh-OLpAOY6Z571dUPC0id36fr4ePdO1qJdQERYNHK8rWlH28oEsMGP6NjGU79uZDjjTnZZf5xJ402vdwkMFkzTKXkczpV9Lpp8wjv-D4jpjobQs1d0iLiVGIRcLNlMgu98i2msg5uFiULGHqqQnFp_IFPhesj6OXiyt8o.vmMm8ISs3NHJQArLi0AJkua8LvX-k8XUiF_8s0NXRMo%26dib_tag%3Dse%26keywords%3Djab%25C3%25B3n%252Bs%25C3%25B3lido%252Bhombre%26qid%3D1744062031%26sr%3D8-52-spons%26sp_csd%3Dd2lkZ2V0TmFtZT1zcF9hdGZfbmV4dA%26psc%3D1,"5,0 de 5 estrellas",,"21,50 €","4/8/2025, 05:40:38"
jabón sólido hombre,B07KCBHTVC,"CETAPHIL Crema Hidratante Facial PRO OIL Control, para pieles grasas con tendencia acnéica, con protección solar FPS 30, 118ML",https://www.amazon.es//Cetaphil-Crema-Hidratante-Absorbente-Aceite/dp/B07KCBHTVC/ref=sr_1_53?dib=eyJ2IjoiMSJ9.SzG4A8zx-slqdRpErQ78KkVWr3Tjvc-HwiLO2rxBOH57PVEh7EHTkvwrqMTZIx9oowLhBDJBvLWuZbfTreEyeMcdSKTlkQgo9nMfJEEWX5UDDNN_S4cvF6bvOeKTY9Q06Y5TBwmh-OLpAOY6Z571dUPC0id36fr4ePdO1qJdQERYNHK8rWlH28oEsMGP6NjGU79uZDjjTnZZf5xJ402vdwkMFkzTKXkczpV9Lpp8wjv-D4jpjobQs1d0iLiVGIRcLNlMgu98i2msg5uFiULGHqqQnFp_IFPhesj6OXiyt8o.vmMm8ISs3NHJQArLi0AJkua8LvX-k8XUiF_8s0NXRMo&dib_tag=se&keywords=jab%C3%B3n%2Bs%C3%B3lido%2Bhombre&qid=1744062031&sr=8-53,"4,4 de 5 estrellas",,"14,94 €","4/8/2025, 05:40:38"
jabón sólido hombre,B0753381NX,"Écrin de Fleur – Jabón de Karité, para Pieles Secas, Jabón Artesanal Orgánico, Saponificado en Frío, 1x90g",https://www.amazon.es//%C3%89crin-Fleur-Artesanal-Org%C3%A1nico-Saponificado/dp/B0753381NX/ref=sr_1_54?dib=eyJ2IjoiMSJ9.SzG4A8zx-slqdRpErQ78KkVWr3Tjvc-HwiLO2rxBOH57PVEh7EHTkvwrqMTZIx9oowLhBDJBvLWuZbfTreEyeMcdSKTlkQgo9nMfJEEWX5UDDNN_S4cvF6bvOeKTY9Q06Y5TBwmh-OLpAOY6Z571dUPC0id36fr4ePdO1qJdQERYNHK8rWlH28oEsMGP6NjGU79uZDjjTnZZf5xJ402vdwkMFkzTKXkczpV9Lpp8wjv-D4jpjobQs1d0iLiVGIRcLNlMgu98i2msg5uFiULGHqqQnFp_IFPhesj6OXiyt8o.vmMm8ISs3NHJQArLi0AJkua8LvX-k8XUiF_8s0NXRMo&dib_tag=se&keywords=jab%C3%B3n%2Bs%C3%B3lido%2Bhombre&qid=1744062031&sr=8-54,"4,0 de 5 estrellas",,"10,90 €","4/8/2025, 05:40:39"
jabón sólido hombre,B0BCY84T17,MYHIXEL - Gel Intimo Hombre I Gel Intimo Masculino para Higiene y Protección | Jabón Intimo Hombre pH Balanceado Sin Sulfatos | Ayuda a Prevenir Infecciones | Fragancia Agradable para Diario I 200ml,https://www.amazon.es//MYHIXEL-corporal-sultafos-Fabricado-Animales/dp/B0BCY84T17/ref=sr_1_55?dib=eyJ2IjoiMSJ9.SzG4A8zx-slqdRpErQ78KkVWr3Tjvc-HwiLO2rxBOH57PVEh7EHTkvwrqMTZIx9oowLhBDJBvLWuZbfTreEyeMcdSKTlkQgo9nMfJEEWX5UDDNN_S4cvF6bvOeKTY9Q06Y5TBwmh-OLpAOY6Z571dUPC0id36fr4ePdO1qJdQERYNHK8rWlH28oEsMGP6NjGU79uZDjjTnZZf5xJ402vdwkMFkzTKXkczpV9Lpp8wjv-D4jpjobQs1d0iLiVGIRcLNlMgu98i2msg5uFiULGHqqQnFp_IFPhesj6OXiyt8o.vmMm8ISs3NHJQArLi0AJkua8LvX-k8XUiF_8s0NXRMo&dib_tag=se&keywords=jab%C3%B3n%2Bs%C3%B3lido%2Bhombre&qid=1744062031&sr=8-55,"4,3 de 5 estrellas",,"17,99 €","4/8/2025, 05:40:39"
jabón sólido hombre,B0BJ32TNL4,Störtebekker® Premium Beard Soap Sándalo - Champú sólido para el cuidado diario de la barba - Jabón hecho a mano para una espuma abundante - Jabón de barba vegano champú de barba (80g (1 pc.)),https://www.amazon.es//St%C3%B6rtebekker%C2%AE-Beard-Soap-S%C3%A1ndalo-80g/dp/B0BJ32TNL4/ref=sr_1_56?dib=eyJ2IjoiMSJ9.SzG4A8zx-slqdRpErQ78KkVWr3Tjvc-HwiLO2rxBOH57PVEh7EHTkvwrqMTZIx9oowLhBDJBvLWuZbfTreEyeMcdSKTlkQgo9nMfJEEWX5UDDNN_S4cvF6bvOeKTY9Q06Y5TBwmh-OLpAOY6Z571dUPC0id36fr4ePdO1qJdQERYNHK8rWlH28oEsMGP6NjGU79uZDjjTnZZf5xJ402vdwkMFkzTKXkczpV9Lpp8wjv-D4jpjobQs1d0iLiVGIRcLNlMgu98i2msg5uFiULGHqqQnFp_IFPhesj6OXiyt8o.vmMm8ISs3NHJQArLi0AJkua8LvX-k8XUiF_8s0NXRMo&dib_tag=se&keywords=jab%C3%B3n%2Bs%C3%B3lido%2Bhombre&qid=1744062031&sr=8-56,"4,5 de 5 estrellas",,"17,99 €","4/8/2025, 05:40:39"
jabón sólido hombre,B0CH3F9QPJ,Dicora Urban Fit Jabón de Manos Vitamina B Almendras & Nueces 500 ml (Paquete de 3),https://www.amazon.es//Dicora-Vitamina-Almendras-Nueces-Paquete/dp/B0CH3F9QPJ/ref=sr_1_57?dib=eyJ2IjoiMSJ9.SzG4A8zx-slqdRpErQ78KkVWr3Tjvc-HwiLO2rxBOH57PVEh7EHTkvwrqMTZIx9oowLhBDJBvLWuZbfTreEyeMcdSKTlkQgo9nMfJEEWX5UDDNN_S4cvF6bvOeKTY9Q06Y5TBwmh-OLpAOY6Z571dUPC0id36fr4ePdO1qJdQERYNHK8rWlH28oEsMGP6NjGU79uZDjjTnZZf5xJ402vdwkMFkzTKXkczpV9Lpp8wjv-D4jpjobQs1d0iLiVGIRcLNlMgu98i2msg5uFiULGHqqQnFp_IFPhesj6OXiyt8o.vmMm8ISs3NHJQArLi0AJkua8LvX-k8XUiF_8s0NXRMo&dib_tag=se&keywords=jab%C3%B3n%2Bs%C3%B3lido%2Bhombre&qid=1744062031&sr=8-57,"4,6 de 5 estrellas",,"5,25 €","4/8/2025, 05:40:39"
jabón sólido hombre,B0D95YSW4X,"NIVEA Derma Skin Gel Exfoliante (1 x 150 ml), exfoliante facial y corporal anti puntos negros para pieles grasas y mixtas, gel limpiador con ácido salicílico y sal marina",https://www.amazon.es//NIVEA-Exfoliante-exfoliante-limpiador-salic%C3%ADlico/dp/B0D95YSW4X/ref=sr_1_58?dib=eyJ2IjoiMSJ9.SzG4A8zx-slqdRpErQ78KkVWr3Tjvc-HwiLO2rxBOH57PVEh7EHTkvwrqMTZIx9oowLhBDJBvLWuZbfTreEyeMcdSKTlkQgo9nMfJEEWX5UDDNN_S4cvF6bvOeKTY9Q06Y5TBwmh-OLpAOY6Z571dUPC0id36fr4ePdO1qJdQERYNHK8rWlH28oEsMGP6NjGU79uZDjjTnZZf5xJ402vdwkMFkzTKXkczpV9Lpp8wjv-D4jpjobQs1d0iLiVGIRcLNlMgu98i2msg5uFiULGHqqQnFp_IFPhesj6OXiyt8o.vmMm8ISs3NHJQArLi0AJkua8LvX-k8XUiF_8s0NXRMo&dib_tag=se&keywords=jab%C3%B3n%2Bs%C3%B3lido%2Bhombre&qid=1744062031&sr=8-58,"4,6 de 5 estrellas",,"4,93 €","4/8/2025, 05:40:39"
jabón sólido hombre,B0D4MJ3BKM,"Jabón gris con brillo de Carbón, jabón para el cabello contra las canas, revitalizable, natural, para oscurecer el cabello, barra sólida para el cabello, anti canas, para hombres y mujeres (2",https://www.amazon.es//cabello-revitalizable-natural-oscurecer-hombres/dp/B0D4MJ3BKM/ref=sr_1_59?dib=eyJ2IjoiMSJ9.SzG4A8zx-slqdRpErQ78KkVWr3Tjvc-HwiLO2rxBOH57PVEh7EHTkvwrqMTZIx9oowLhBDJBvLWuZbfTreEyeMcdSKTlkQgo9nMfJEEWX5UDDNN_S4cvF6bvOeKTY9Q06Y5TBwmh-OLpAOY6Z571dUPC0id36fr4ePdO1qJdQERYNHK8rWlH28oEsMGP6NjGU79uZDjjTnZZf5xJ402vdwkMFkzTKXkczpV9Lpp8wjv-D4jpjobQs1d0iLiVGIRcLNlMgu98i2msg5uFiULGHqqQnFp_IFPhesj6OXiyt8o.vmMm8ISs3NHJQArLi0AJkua8LvX-k8XUiF_8s0NXRMo&dib_tag=se&keywords=jab%C3%B3n%2Bs%C3%B3lido%2Bhombre&qid=1744062031&sr=8-59,"2,0 de 5 estrellas",,"7,98 €","4/8/2025, 05:40:39"
jabón sólido hombre,B0B5XLHYC9,"Shampoo Bar, Champú Sólido,Jabones de Champú,Cuidado del pelo y del cuero cabelludo Organico Vegan Champú Natural para Hombre Mujer Ayuda Contra la Caída del Cabello y Promueve el Crecimiento",https://www.amazon.es//Shampoo-cabelludo-Organico-Promueve-Crecimiento/dp/B0B5XLHYC9/ref=sr_1_60?dib=eyJ2IjoiMSJ9.SzG4A8zx-slqdRpErQ78KkVWr3Tjvc-HwiLO2rxBOH57PVEh7EHTkvwrqMTZIx9oowLhBDJBvLWuZbfTreEyeMcdSKTlkQgo9nMfJEEWX5UDDNN_S4cvF6bvOeKTY9Q06Y5TBwmh-OLpAOY6Z571dUPC0id36fr4ePdO1qJdQERYNHK8rWlH28oEsMGP6NjGU79uZDjjTnZZf5xJ402vdwkMFkzTKXkczpV9Lpp8wjv-D4jpjobQs1d0iLiVGIRcLNlMgu98i2msg5uFiULGHqqQnFp_IFPhesj6OXiyt8o.vmMm8ISs3NHJQArLi0AJkua8LvX-k8XUiF_8s0NXRMo&dib_tag=se&keywords=jab%C3%B3n%2Bs%C3%B3lido%2Bhombre&qid=1744062031&sr=8-60,"3,4 de 5 estrellas",,"5,99 €","4/8/2025, 05:40:39"
jabón sólido hombre,B0B4SQRP5X,"Foamie Desodorante sólido para hombre 'Power Up', aroma a madera, 48 horas, sin aluminio, vegano y sin plástico, 40 g",https://www.amazon.es//Foamie-Desodorante-desodorante-aluminio-pl%C3%A1stico/dp/B0B4SQRP5X/ref=sr_1_61?dib=eyJ2IjoiMSJ9.SzG4A8zx-slqdRpErQ78KkVWr3Tjvc-HwiLO2rxBOH57PVEh7EHTkvwrqMTZIx9oowLhBDJBvLWuZbfTreEyeMcdSKTlkQgo9nMfJEEWX5UDDNN_S4cvF6bvOeKTY9Q06Y5TBwmh-OLpAOY6Z571dUPC0id36fr4ePdO1qJdQERYNHK8rWlH28oEsMGP6NjGU79uZDjjTnZZf5xJ402vdwkMFkzTKXkczpV9Lpp8wjv-D4jpjobQs1d0iLiVGIRcLNlMgu98i2msg5uFiULGHqqQnFp_IFPhesj6OXiyt8o.vmMm8ISs3NHJQArLi0AJkua8LvX-k8XUiF_8s0NXRMo&dib_tag=se&keywords=jab%C3%B3n%2Bs%C3%B3lido%2Bhombre&qid=1744062031&sr=8-61,"3,8 de 5 estrellas",,"7,74 €","4/8/2025, 05:40:40"
jabón sólido hombre,B01HI9R7TW,Rusty Bob - Jabón de Afeitar - 3 Piezas - Chocolate - Hombres,https://www.amazon.es//Rusty-Bob-Rasierseife-color-multicolor/dp/B01HI9R7TW/ref=sr_1_62?dib=eyJ2IjoiMSJ9.SzG4A8zx-slqdRpErQ78KkVWr3Tjvc-HwiLO2rxBOH57PVEh7EHTkvwrqMTZIx9oowLhBDJBvLWuZbfTreEyeMcdSKTlkQgo9nMfJEEWX5UDDNN_S4cvF6bvOeKTY9Q06Y5TBwmh-OLpAOY6Z571dUPC0id36fr4ePdO1qJdQERYNHK8rWlH28oEsMGP6NjGU79uZDjjTnZZf5xJ402vdwkMFkzTKXkczpV9Lpp8wjv-D4jpjobQs1d0iLiVGIRcLNlMgu98i2msg5uFiULGHqqQnFp_IFPhesj6OXiyt8o.vmMm8ISs3NHJQArLi0AJkua8LvX-k8XUiF_8s0NXRMo&dib_tag=se&keywords=jab%C3%B3n%2Bs%C3%B3lido%2Bhombre&qid=1744062031&sr=8-62,"4,8 de 5 estrellas",,"11,95 €","4/8/2025, 05:40:40"
jabón sólido hombre,B09HQTSLLZ,Marcel's Green Soap - Body Bar Tonka & Muguet - Ahorra 3 botellas de gel de ducha regular - 100% ecológico - 100% vegano - 97% biodegradable - 150 g,https://www.amazon.es//Marcels-Green-Soap-biodegradable-pl%C3%A1stico/dp/B09HQTSLLZ/ref=sr_1_63?dib=eyJ2IjoiMSJ9.SzG4A8zx-slqdRpErQ78KkVWr3Tjvc-HwiLO2rxBOH57PVEh7EHTkvwrqMTZIx9oowLhBDJBvLWuZbfTreEyeMcdSKTlkQgo9nMfJEEWX5UDDNN_S4cvF6bvOeKTY9Q06Y5TBwmh-OLpAOY6Z571dUPC0id36fr4ePdO1qJdQERYNHK8rWlH28oEsMGP6NjGU79uZDjjTnZZf5xJ402vdwkMFkzTKXkczpV9Lpp8wjv-D4jpjobQs1d0iLiVGIRcLNlMgu98i2msg5uFiULGHqqQnFp_IFPhesj6OXiyt8o.vmMm8ISs3NHJQArLi0AJkua8LvX-k8XUiF_8s0NXRMo&dib_tag=se&keywords=jab%C3%B3n%2Bs%C3%B3lido%2Bhombre&qid=1744062031&sr=8-63,"4,3 de 5 estrellas",,"6,33 €","4/8/2025, 05:40:40"
jabón sólido hombre,B0752V3X8K,"Écrin de Fleur - Jabón de cedro orgánico para hombre, con aceites esenciales de cedro y pachulí, aromas calmantes de bosque, madera y tierra, 1x90 g",https://www.amazon.es//%C3%89crin-Fleur-org%C3%A1nico-esenciales-calmantes/dp/B0752V3X8K/ref=sr_1_64?dib=eyJ2IjoiMSJ9.SzG4A8zx-slqdRpErQ78KkVWr3Tjvc-HwiLO2rxBOH57PVEh7EHTkvwrqMTZIx9oowLhBDJBvLWuZbfTreEyeMcdSKTlkQgo9nMfJEEWX5UDDNN_S4cvF6bvOeKTY9Q06Y5TBwmh-OLpAOY6Z571dUPC0id36fr4ePdO1qJdQERYNHK8rWlH28oEsMGP6NjGU79uZDjjTnZZf5xJ402vdwkMFkzTKXkczpV9Lpp8wjv-D4jpjobQs1d0iLiVGIRcLNlMgu98i2msg5uFiULGHqqQnFp_IFPhesj6OXiyt8o.vmMm8ISs3NHJQArLi0AJkua8LvX-k8XUiF_8s0NXRMo&dib_tag=se&keywords=jab%C3%B3n%2Bs%C3%B3lido%2Bhombre&qid=1744062031&sr=8-64,"4,1 de 5 estrellas",,"10,90 €","4/8/2025, 05:40:40"
jabón sólido hombre,B0CXX6RXZ2,"Zynxel Dermaroller Cabello, 0.5mm Derma Roller, Profesiona Derma Roller Mincroneedling para cara y cuerpo, Dermaroller Facial Para Antiedad y Cabello",https://www.amazon.es//sspa/click?ie=UTF8&spc=MTo0NDk5MDMzMjk0NDQ3OTY5OjE3NDQwNjIwMzE6c3BfbXRmOjMwMDUwODQyOTQ5NjAzMjo6MDo6&url=%2FZynxel-Dermaroller-Profesiona-Mincroneedling-Antiedad%2Fdp%2FB0CXX6RXZ2%2Fref%3Dsr_1_65_sspa%3Fdib%3DeyJ2IjoiMSJ9.SzG4A8zx-slqdRpErQ78KkVWr3Tjvc-HwiLO2rxBOH57PVEh7EHTkvwrqMTZIx9oowLhBDJBvLWuZbfTreEyeMcdSKTlkQgo9nMfJEEWX5UDDNN_S4cvF6bvOeKTY9Q06Y5TBwmh-OLpAOY6Z571dUPC0id36fr4ePdO1qJdQERYNHK8rWlH28oEsMGP6NjGU79uZDjjTnZZf5xJ402vdwkMFkzTKXkczpV9Lpp8wjv-D4jpjobQs1d0iLiVGIRcLNlMgu98i2msg5uFiULGHqqQnFp_IFPhesj6OXiyt8o.vmMm8ISs3NHJQArLi0AJkua8LvX-k8XUiF_8s0NXRMo%26dib_tag%3Dse%26keywords%3Djab%25C3%25B3n%252Bs%25C3%25B3lido%252Bhombre%26qid%3D1744062031%26sr%3D8-65-spons%26sp_csd%3Dd2lkZ2V0TmFtZT1zcF9tdGY%26psc%3D1,"4,4 de 5 estrellas",,"8,99 €","4/8/2025, 05:40:40"
jabón sólido hombre,B07YLXYBNB,Viking Revolution Champú Barba con Aceites de Argán y Jojoba - Suaviza y Fortalece - Aroma a Sándalo - Champú Barba Hombre con Aceite para Barba (500 ml Champú),https://www.amazon.es//Viking-Revolution-Beard-Wash-Sandalwood/dp/B07YLXYBNB/ref=sr_1_69?dib=eyJ2IjoiMSJ9.SzG4A8zx-slqdRpErQ78KkVWr3Tjvc-HwiLO2rxBOH57PVEh7EHTkvwrqMTZIx9oowLhBDJBvLWuZbfTreEyeMcdSKTlkQgo9nMfJEEWX5UDDNN_S4cvF6bvOeKTY9Q06Y5TBwmh-OLpAOY6Z571dUPC0id36fr4ePdO1qJdQERYNHK8rWlH28oEsMGP6NjGU79uZDjjTnZZf5xJ402vdwkMFkzTKXkczpV9Lpp8wjv-D4jpjobQs1d0iLiVGIRcLNlMgu98i2msg5uFiULGHqqQnFp_IFPhesj6OXiyt8o.vmMm8ISs3NHJQArLi0AJkua8LvX-k8XUiF_8s0NXRMo&dib_tag=se&keywords=jab%C3%B3n%2Bs%C3%B3lido%2Bhombre&qid=1744062031&sr=8-69,"4,7 de 5 estrellas",,"14,99 €","4/8/2025, 05:40:41"
jabón sólido hombre,B0BZQ7RG76,Decolores - Limpiador Facial Sólido - Para Piel Sensible - 80 g - Pastilla - 100% Natural - Con Calendula y manzanilla- Acción Calmante - Syndet - Sin Jabón - Ecológico,https://www.amazon.es//Decolores-Limpiador-Sensible-Pastilla-Ecol%C3%B3gico/dp/B0BZQ7RG76/ref=sr_1_70?dib=eyJ2IjoiMSJ9.SzG4A8zx-slqdRpErQ78KkVWr3Tjvc-HwiLO2rxBOH57PVEh7EHTkvwrqMTZIx9oowLhBDJBvLWuZbfTreEyeMcdSKTlkQgo9nMfJEEWX5UDDNN_S4cvF6bvOeKTY9Q06Y5TBwmh-OLpAOY6Z571dUPC0id36fr4ePdO1qJdQERYNHK8rWlH28oEsMGP6NjGU79uZDjjTnZZf5xJ402vdwkMFkzTKXkczpV9Lpp8wjv-D4jpjobQs1d0iLiVGIRcLNlMgu98i2msg5uFiULGHqqQnFp_IFPhesj6OXiyt8o.vmMm8ISs3NHJQArLi0AJkua8LvX-k8XUiF_8s0NXRMo&dib_tag=se&keywords=jab%C3%B3n%2Bs%C3%B3lido%2Bhombre&qid=1744062031&sr=8-70,,,"13,95 €","4/8/2025, 05:40:41"
jabón sólido hombre,B08X56NKY7,Nature Box - Champú sólido 3 en 1 anticaspa – con aceite de cáñamo prensado en frío – Cabello/cuero cabelludo/barba – 99% de ingredientes de origen natural – Jabón 85 g,https://www.amazon.es//Nature-Box-anticaspa-cabelludo-ingredientes/dp/B08X56NKY7/ref=sr_1_71_mod_primary_new?dib=eyJ2IjoiMSJ9.SzG4A8zx-slqdRpErQ78KkVWr3Tjvc-HwiLO2rxBOH57PVEh7EHTkvwrqMTZIx9oowLhBDJBvLWuZbfTreEyeMcdSKTlkQgo9nMfJEEWX5UDDNN_S4cvF6bvOeKTY9Q06Y5TBwmh-OLpAOY6Z571dUPC0id36fr4ePdO1qJdQERYNHK8rWlH28oEsMGP6NjGU79uZDjjTnZZf5xJ402vdwkMFkzTKXkczpV9Lpp8wjv-D4jpjobQs1d0iLiVGIRcLNlMgu98i2msg5uFiULGHqqQnFp_IFPhesj6OXiyt8o.vmMm8ISs3NHJQArLi0AJkua8LvX-k8XUiF_8s0NXRMo&dib_tag=se&keywords=jab%C3%B3n%2Bs%C3%B3lido%2Bhombre&qid=1744062031&sbo=RZvfv%2F%2FHxDF%2BO5021pAnSA%3D%3D&sr=8-71,"4,3 de 5 estrellas",,"9,00 €","4/8/2025, 05:40:41"
jabón sólido hombre,B0B4SSGGR8,"Foamie Desodorante sólido para hombre ""Refresh"", aroma intenso, 48 horas, desodorante eficaz sin aluminio, desodorante vegano y sin plástico, 40 g",https://www.amazon.es//Foamie-Desodorante-refrescante-desodorante-aluminio/dp/B0B4SSGGR8/ref=sr_1_72?dib=eyJ2IjoiMSJ9.SzG4A8zx-slqdRpErQ78KkVWr3Tjvc-HwiLO2rxBOH57PVEh7EHTkvwrqMTZIx9oowLhBDJBvLWuZbfTreEyeMcdSKTlkQgo9nMfJEEWX5UDDNN_S4cvF6bvOeKTY9Q06Y5TBwmh-OLpAOY6Z571dUPC0id36fr4ePdO1qJdQERYNHK8rWlH28oEsMGP6NjGU79uZDjjTnZZf5xJ402vdwkMFkzTKXkczpV9Lpp8wjv-D4jpjobQs1d0iLiVGIRcLNlMgu98i2msg5uFiULGHqqQnFp_IFPhesj6OXiyt8o.vmMm8ISs3NHJQArLi0AJkua8LvX-k8XUiF_8s0NXRMo&dib_tag=se&keywords=jab%C3%B3n%2Bs%C3%B3lido%2Bhombre&qid=1744062031&sr=8-72,"4,0 de 5 estrellas",,"8,15 €","4/8/2025, 05:40:41"
jabón sólido hombre,B0CCCV291W,"Solid Shampoo Bar, Barra de champú para oscurecer el cabello, Champú Sólido Vegano, Jabón En Barra Para Cubrir Canas, Promueve El Crecimiento Del Cabello y Previene La Caída Del Cabello",https://www.amazon.es//Shampoo-oscurecer-Promueve-Crecimiento-Previene/dp/B0CCCV291W/ref=sr_1_73?dib=eyJ2IjoiMSJ9.SzG4A8zx-slqdRpErQ78KkVWr3Tjvc-HwiLO2rxBOH57PVEh7EHTkvwrqMTZIx9oowLhBDJBvLWuZbfTreEyeMcdSKTlkQgo9nMfJEEWX5UDDNN_S4cvF6bvOeKTY9Q06Y5TBwmh-OLpAOY6Z571dUPC0id36fr4ePdO1qJdQERYNHK8rWlH28oEsMGP6NjGU79uZDjjTnZZf5xJ402vdwkMFkzTKXkczpV9Lpp8wjv-D4jpjobQs1d0iLiVGIRcLNlMgu98i2msg5uFiULGHqqQnFp_IFPhesj6OXiyt8o.vmMm8ISs3NHJQArLi0AJkua8LvX-k8XUiF_8s0NXRMo&dib_tag=se&keywords=jab%C3%B3n%2Bs%C3%B3lido%2Bhombre&qid=1744062031&sr=8-73,"2,2 de 5 estrellas",,"9,99 €","4/8/2025, 05:40:41"
jabón sólido hombre,B0D66YZBPL,"Mikabila Shaving Soap, Pastilla de Jabón de Afeitar,Jabón Afeitar para Hombres,Perfecto para Afeitado con Navaja y Maquinilla,Jabón de Afeitar Vegano,Jabón Afeitar para Hombres,Natural y Orgánica",https://www.amazon.es//Mikabila-Pastilla-Perfecto-Afeitado-Maquinilla/dp/B0D66YZBPL/ref=sr_1_74?dib=eyJ2IjoiMSJ9.SzG4A8zx-slqdRpErQ78KkVWr3Tjvc-HwiLO2rxBOH57PVEh7EHTkvwrqMTZIx9oowLhBDJBvLWuZbfTreEyeMcdSKTlkQgo9nMfJEEWX5UDDNN_S4cvF6bvOeKTY9Q06Y5TBwmh-OLpAOY6Z571dUPC0id36fr4ePdO1qJdQERYNHK8rWlH28oEsMGP6NjGU79uZDjjTnZZf5xJ402vdwkMFkzTKXkczpV9Lpp8wjv-D4jpjobQs1d0iLiVGIRcLNlMgu98i2msg5uFiULGHqqQnFp_IFPhesj6OXiyt8o.vmMm8ISs3NHJQArLi0AJkua8LvX-k8XUiF_8s0NXRMo&dib_tag=se&keywords=jab%C3%B3n%2Bs%C3%B3lido%2Bhombre&qid=1744062031&sr=8-74,,,"12,99 €","4/8/2025, 05:40:41"
jabón sólido hombre,B0CJ4JPZFV,"Barra de Champú para Oscurecer el Cabello,Champú Sólido para Oscurecer el Cabello Negro,Jabón para el cabello,Shampoo Bar,Soap Cover for Grey Hair,Grey Hair Soap,Black Soap for Grey Hair Cover",https://www.amazon.es//Champ%C3%BA-Oscurecer-Cabello-cabello-Shampoo/dp/B0CJ4JPZFV/ref=sr_1_75?dib=eyJ2IjoiMSJ9.SzG4A8zx-slqdRpErQ78KkVWr3Tjvc-HwiLO2rxBOH57PVEh7EHTkvwrqMTZIx9oowLhBDJBvLWuZbfTreEyeMcdSKTlkQgo9nMfJEEWX5UDDNN_S4cvF6bvOeKTY9Q06Y5TBwmh-OLpAOY6Z571dUPC0id36fr4ePdO1qJdQERYNHK8rWlH28oEsMGP6NjGU79uZDjjTnZZf5xJ402vdwkMFkzTKXkczpV9Lpp8wjv-D4jpjobQs1d0iLiVGIRcLNlMgu98i2msg5uFiULGHqqQnFp_IFPhesj6OXiyt8o.vmMm8ISs3NHJQArLi0AJkua8LvX-k8XUiF_8s0NXRMo&dib_tag=se&keywords=jab%C3%B3n%2Bs%C3%B3lido%2Bhombre&qid=1744062031&sr=8-75,"2,3 de 5 estrellas",,"6,59 €","4/8/2025, 05:40:41"
jabón sólido hombre,B0DDTPQXNZ,"Jean&Len Jabón de manos líquido de neroli y jazmín con dispensador para limpiar e hidratar las manos con suavidad, aroma afrutado y amaderado, sin parabenos, siliconas ni microplásticos, vegano, 250ml",https://www.amazon.es//Jean-Len-dispensador-amaderado-micropl%C3%A1sticos/dp/B0DDTPQXNZ/ref=sr_1_76?dib=eyJ2IjoiMSJ9.SzG4A8zx-slqdRpErQ78KkVWr3Tjvc-HwiLO2rxBOH57PVEh7EHTkvwrqMTZIx9oowLhBDJBvLWuZbfTreEyeMcdSKTlkQgo9nMfJEEWX5UDDNN_S4cvF6bvOeKTY9Q06Y5TBwmh-OLpAOY6Z571dUPC0id36fr4ePdO1qJdQERYNHK8rWlH28oEsMGP6NjGU79uZDjjTnZZf5xJ402vdwkMFkzTKXkczpV9Lpp8wjv-D4jpjobQs1d0iLiVGIRcLNlMgu98i2msg5uFiULGHqqQnFp_IFPhesj6OXiyt8o.vmMm8ISs3NHJQArLi0AJkua8LvX-k8XUiF_8s0NXRMo&dib_tag=se&keywords=jab%C3%B3n%2Bs%C3%B3lido%2Bhombre&qid=1744062031&sr=8-76,"4,5 de 5 estrellas",,"10,58 €","4/8/2025, 05:40:42"
jabón sólido hombre,B086R7RPGY,"LOGONA Naturkosmetik Champú para el cabello sólido para un cabello más brillante y naturalmente saludable, champú bar con fórmula vegana de cáñamo orgánico y saúco orgánico, como jabón para el",https://www.amazon.es//LOGONA-Naturkosmetik-brillante-naturalmente-saludable/dp/B086R7RPGY/ref=sr_1_77?dib=eyJ2IjoiMSJ9.SzG4A8zx-slqdRpErQ78KkVWr3Tjvc-HwiLO2rxBOH57PVEh7EHTkvwrqMTZIx9oowLhBDJBvLWuZbfTreEyeMcdSKTlkQgo9nMfJEEWX5UDDNN_S4cvF6bvOeKTY9Q06Y5TBwmh-OLpAOY6Z571dUPC0id36fr4ePdO1qJdQERYNHK8rWlH28oEsMGP6NjGU79uZDjjTnZZf5xJ402vdwkMFkzTKXkczpV9Lpp8wjv-D4jpjobQs1d0iLiVGIRcLNlMgu98i2msg5uFiULGHqqQnFp_IFPhesj6OXiyt8o.vmMm8ISs3NHJQArLi0AJkua8LvX-k8XUiF_8s0NXRMo&dib_tag=se&keywords=jab%C3%B3n%2Bs%C3%B3lido%2Bhombre&qid=1744062031&sr=8-77,"4,3 de 5 estrellas",,"10,81 €","4/8/2025, 05:40:42"
jabón sólido hombre,B082VPVQZS,"Neutrogena Hydro Boost - Gel limpiador facial Aqua con glicerina y hialurón, 200 ml",https://www.amazon.es//Neutrogena-Hydro-Boost-Aqua-formulaci%C3%B3n/dp/B082VPVQZS/ref=sr_1_78?dib=eyJ2IjoiMSJ9.SzG4A8zx-slqdRpErQ78KkVWr3Tjvc-HwiLO2rxBOH57PVEh7EHTkvwrqMTZIx9oowLhBDJBvLWuZbfTreEyeMcdSKTlkQgo9nMfJEEWX5UDDNN_S4cvF6bvOeKTY9Q06Y5TBwmh-OLpAOY6Z571dUPC0id36fr4ePdO1qJdQERYNHK8rWlH28oEsMGP6NjGU79uZDjjTnZZf5xJ402vdwkMFkzTKXkczpV9Lpp8wjv-D4jpjobQs1d0iLiVGIRcLNlMgu98i2msg5uFiULGHqqQnFp_IFPhesj6OXiyt8o.vmMm8ISs3NHJQArLi0AJkua8LvX-k8XUiF_8s0NXRMo&dib_tag=se&keywords=jab%C3%B3n%2Bs%C3%B3lido%2Bhombre&qid=1744062031&sr=8-78,"4,7 de 5 estrellas",,"5,90 €","4/8/2025, 05:40:42"
jabón sólido hombre,B0BL73CLMZ,"Luckyki Champú Jengibre, Champú anticaspa anticaída Jengibre, Champú Jengibre para el Crecimiento del Cabello, Jabón champú Jengibre, Champú Solido Jengibre para Hombres ujeres",https://www.amazon.es//Jengibre-anticaspa-antica%C3%ADda-jengibre-crecimiento/dp/B0BL73CLMZ/ref=sr_1_79?dib=eyJ2IjoiMSJ9.SzG4A8zx-slqdRpErQ78KkVWr3Tjvc-HwiLO2rxBOH57PVEh7EHTkvwrqMTZIx9oowLhBDJBvLWuZbfTreEyeMcdSKTlkQgo9nMfJEEWX5UDDNN_S4cvF6bvOeKTY9Q06Y5TBwmh-OLpAOY6Z571dUPC0id36fr4ePdO1qJdQERYNHK8rWlH28oEsMGP6NjGU79uZDjjTnZZf5xJ402vdwkMFkzTKXkczpV9Lpp8wjv-D4jpjobQs1d0iLiVGIRcLNlMgu98i2msg5uFiULGHqqQnFp_IFPhesj6OXiyt8o.vmMm8ISs3NHJQArLi0AJkua8LvX-k8XUiF_8s0NXRMo&dib_tag=se&keywords=jab%C3%B3n%2Bs%C3%B3lido%2Bhombre&qid=1744062031&sr=8-79,,,"12,59 €","4/8/2025, 05:40:42"
jabón sólido hombre,B0D9V8H1P7,"Barra De Jabón Facial, Jabón Natural, Limpiador Facial Sólido, Piel Limpia, Limpieza Facial, Jabón Exfoliante Natural, Jabón Limpiador E Hidratante Para Rostro Y Cuerpo, 2 Piezas",https://www.amazon.es//Natural-Limpiador-Limpieza-Exfoliante-Hidratante/dp/B0D9V8H1P7/ref=sr_1_80?dib=eyJ2IjoiMSJ9.SzG4A8zx-slqdRpErQ78KkVWr3Tjvc-HwiLO2rxBOH57PVEh7EHTkvwrqMTZIx9oowLhBDJBvLWuZbfTreEyeMcdSKTlkQgo9nMfJEEWX5UDDNN_S4cvF6bvOeKTY9Q06Y5TBwmh-OLpAOY6Z571dUPC0id36fr4ePdO1qJdQERYNHK8rWlH28oEsMGP6NjGU79uZDjjTnZZf5xJ402vdwkMFkzTKXkczpV9Lpp8wjv-D4jpjobQs1d0iLiVGIRcLNlMgu98i2msg5uFiULGHqqQnFp_IFPhesj6OXiyt8o.vmMm8ISs3NHJQArLi0AJkua8LvX-k8XUiF_8s0NXRMo&dib_tag=se&keywords=jab%C3%B3n%2Bs%C3%B3lido%2Bhombre&qid=1744062031&sr=8-80,,,"7,47 €","4/8/2025, 05:40:42"
jabón sólido hombre,B0C72X4F2H,"Champu Biotina para el Cabello 10000 mcg I Elegido mejor champu Anticaida 2024 y 2025 I Con Zinc, Saw Palmetto, Hierro, Cobre o Cafeína I Champu Sin Sulfatos Ni Parabenos Ni Siliconas. XXL 400ml",https://www.amazon.es//sspa/click?ie=UTF8&spc=MTo0NDk5MDMzMjk0NDQ3OTY5OjE3NDQwNjIwMzE6c3BfbXRmOjMwMDExNTE2Mjc1MzAzMjo6MDo6&url=%2FPalmetto-Vitaminas-Sulfatos-Parabenos-Anticaida%2Fdp%2FB0C72X4F2H%2Fref%3Dsr_1_84_sspa%3Fdib%3DeyJ2IjoiMSJ9.SzG4A8zx-slqdRpErQ78KkVWr3Tjvc-HwiLO2rxBOH57PVEh7EHTkvwrqMTZIx9oowLhBDJBvLWuZbfTreEyeMcdSKTlkQgo9nMfJEEWX5UDDNN_S4cvF6bvOeKTY9Q06Y5TBwmh-OLpAOY6Z571dUPC0id36fr4ePdO1qJdQERYNHK8rWlH28oEsMGP6NjGU79uZDjjTnZZf5xJ402vdwkMFkzTKXkczpV9Lpp8wjv-D4jpjobQs1d0iLiVGIRcLNlMgu98i2msg5uFiULGHqqQnFp_IFPhesj6OXiyt8o.vmMm8ISs3NHJQArLi0AJkua8LvX-k8XUiF_8s0NXRMo%26dib_tag%3Dse%26keywords%3Djab%25C3%25B3n%252Bs%25C3%25B3lido%252Bhombre%26qid%3D1744062031%26sr%3D8-84-spons%26sp_csd%3Dd2lkZ2V0TmFtZT1zcF9tdGY%26psc%3D1,"4,2 de 5 estrellas",,"24,95 €","4/8/2025, 05:40:43"
jabón sólido hombre,B0DJD9MN1J,"RITUALS Gel de ducha pack oferta – The Ritual of Hammam, Sport y Homme - geles de ducha espumosos de tamaño completo - 3 x 200 ml",https://www.amazon.es//RITUALS-Gel-ducha-pack-oferta/dp/B0DJD9MN1J/ref=sr_1_85?dib=eyJ2IjoiMSJ9.SzG4A8zx-slqdRpErQ78KkVWr3Tjvc-HwiLO2rxBOH57PVEh7EHTkvwrqMTZIx9oowLhBDJBvLWuZbfTreEyeMcdSKTlkQgo9nMfJEEWX5UDDNN_S4cvF6bvOeKTY9Q06Y5TBwmh-OLpAOY6Z571dUPC0id36fr4ePdO1qJdQERYNHK8rWlH28oEsMGP6NjGU79uZDjjTnZZf5xJ402vdwkMFkzTKXkczpV9Lpp8wjv-D4jpjobQs1d0iLiVGIRcLNlMgu98i2msg5uFiULGHqqQnFp_IFPhesj6OXiyt8o.vmMm8ISs3NHJQArLi0AJkua8LvX-k8XUiF_8s0NXRMo&dib_tag=se&keywords=jab%C3%B3n%2Bs%C3%B3lido%2Bhombre&qid=1744062031&sr=8-85,"4,8 de 5 estrellas",,"28,90 €","4/8/2025, 05:40:43"
jabón sólido hombre,B0C6MTJM3J,Viking Revolution Juego Champú y Acondicionador Para Barba con Aceites de Argán y Jojoba - Champú Barba de Hombre que Suaviza y Fortalece - Vanilla Especiada (2 x 150 ml),https://www.amazon.es//Viking-Revolution-Champ%C3%BA-Acondicionador-Aceites/dp/B0C6MTJM3J/ref=sr_1_86?dib=eyJ2IjoiMSJ9.SzG4A8zx-slqdRpErQ78KkVWr3Tjvc-HwiLO2rxBOH57PVEh7EHTkvwrqMTZIx9oowLhBDJBvLWuZbfTreEyeMcdSKTlkQgo9nMfJEEWX5UDDNN_S4cvF6bvOeKTY9Q06Y5TBwmh-OLpAOY6Z571dUPC0id36fr4ePdO1qJdQERYNHK8rWlH28oEsMGP6NjGU79uZDjjTnZZf5xJ402vdwkMFkzTKXkczpV9Lpp8wjv-D4jpjobQs1d0iLiVGIRcLNlMgu98i2msg5uFiULGHqqQnFp_IFPhesj6OXiyt8o.vmMm8ISs3NHJQArLi0AJkua8LvX-k8XUiF_8s0NXRMo&dib_tag=se&keywords=jab%C3%B3n%2Bs%C3%B3lido%2Bhombre&qid=1744062031&sr=8-86,"4,7 de 5 estrellas",,"11,99 €","4/8/2025, 05:40:43"
jabón sólido hombre,B0CP9ZGQP5,Relájese Es Sólo Jabón Fabricación De Jabón Jabonería Camiseta,https://www.amazon.es//Rel%C3%A1jese-Jab%C3%B3n-Fabricaci%C3%B3n-Jaboner%C3%ADa-Camiseta/dp/B0CP9ZGQP5/ref=sr_1_87?customId=B07536XX75&customizationToken=MC_Assembly_1%23B07536XX75&dib=eyJ2IjoiMSJ9.SzG4A8zx-slqdRpErQ78KkVWr3Tjvc-HwiLO2rxBOH57PVEh7EHTkvwrqMTZIx9oowLhBDJBvLWuZbfTreEyeMcdSKTlkQgo9nMfJEEWX5UDDNN_S4cvF6bvOeKTY9Q06Y5TBwmh-OLpAOY6Z571dUPC0id36fr4ePdO1qJdQERYNHK8rWlH28oEsMGP6NjGU79uZDjjTnZZf5xJ402vdwkMFkzTKXkczpV9Lpp8wjv-D4jpjobQs1d0iLiVGIRcLNlMgu98i2msg5uFiULGHqqQnFp_IFPhesj6OXiyt8o.vmMm8ISs3NHJQArLi0AJkua8LvX-k8XUiF_8s0NXRMo&dib_tag=se&keywords=jab%C3%B3n%2Bs%C3%B3lido%2Bhombre&qid=1744062031&sr=8-87,,,"13,99 €","4/8/2025, 05:40:43"
jabón sólido hombre,B004BVK0ZO,Arko Shaving Cream Soap Stick - 12 Pieces,https://www.amazon.es//Arko-Shaving-Cream-Soap-Stick/dp/B004BVK0ZO/ref=sr_1_88?dib=eyJ2IjoiMSJ9.SzG4A8zx-slqdRpErQ78KkVWr3Tjvc-HwiLO2rxBOH57PVEh7EHTkvwrqMTZIx9oowLhBDJBvLWuZbfTreEyeMcdSKTlkQgo9nMfJEEWX5UDDNN_S4cvF6bvOeKTY9Q06Y5TBwmh-OLpAOY6Z571dUPC0id36fr4ePdO1qJdQERYNHK8rWlH28oEsMGP6NjGU79uZDjjTnZZf5xJ402vdwkMFkzTKXkczpV9Lpp8wjv-D4jpjobQs1d0iLiVGIRcLNlMgu98i2msg5uFiULGHqqQnFp_IFPhesj6OXiyt8o.vmMm8ISs3NHJQArLi0AJkua8LvX-k8XUiF_8s0NXRMo&dib_tag=se&keywords=jab%C3%B3n%2Bs%C3%B3lido%2Bhombre&qid=1744062031&sr=8-88,"4,7 de 5 estrellas",,"21,50 €","4/8/2025, 05:40:43"
jabón sólido hombre,B08F7SQ34C,"Old Spice Deep Sea Gel De Ducha Y Champú Para Hombres 2x1000ml, Gel Para Cara, Cuerpo Y Pelo 3 En 1 Multiusos, Frescura Duradera, Fragancia Excepcional, Limpieza Profunda",https://www.amazon.es//Old-Spice-Deep-Champ%C3%BA-Hombres/dp/B08F7SQ34C/ref=sr_1_89?dib=eyJ2IjoiMSJ9.SzG4A8zx-slqdRpErQ78KkVWr3Tjvc-HwiLO2rxBOH57PVEh7EHTkvwrqMTZIx9oowLhBDJBvLWuZbfTreEyeMcdSKTlkQgo9nMfJEEWX5UDDNN_S4cvF6bvOeKTY9Q06Y5TBwmh-OLpAOY6Z571dUPC0id36fr4ePdO1qJdQERYNHK8rWlH28oEsMGP6NjGU79uZDjjTnZZf5xJ402vdwkMFkzTKXkczpV9Lpp8wjv-D4jpjobQs1d0iLiVGIRcLNlMgu98i2msg5uFiULGHqqQnFp_IFPhesj6OXiyt8o.vmMm8ISs3NHJQArLi0AJkua8LvX-k8XUiF_8s0NXRMo&dib_tag=se&keywords=jab%C3%B3n%2Bs%C3%B3lido%2Bhombre&qid=1744062031&sr=8-89,"4,6 de 5 estrellas",,"15,67 €","4/8/2025, 05:40:43"
jabón sólido hombre,B0D513542C,"VioVero Naturkosmetik Menta mano y jabón de ducha, jabón verde, jabón sólido, jabón biodegradable, pieza de jabón 100g",https://www.amazon.es//VioVero-Naturkosmetik-Menta-s%C3%B3lido-biodegradable/dp/B0D513542C/ref=sr_1_90?dib=eyJ2IjoiMSJ9.SzG4A8zx-slqdRpErQ78KkVWr3Tjvc-HwiLO2rxBOH57PVEh7EHTkvwrqMTZIx9oowLhBDJBvLWuZbfTreEyeMcdSKTlkQgo9nMfJEEWX5UDDNN_S4cvF6bvOeKTY9Q06Y5TBwmh-OLpAOY6Z571dUPC0id36fr4ePdO1qJdQERYNHK8rWlH28oEsMGP6NjGU79uZDjjTnZZf5xJ402vdwkMFkzTKXkczpV9Lpp8wjv-D4jpjobQs1d0iLiVGIRcLNlMgu98i2msg5uFiULGHqqQnFp_IFPhesj6OXiyt8o.vmMm8ISs3NHJQArLi0AJkua8LvX-k8XUiF_8s0NXRMo&dib_tag=se&keywords=jab%C3%B3n%2Bs%C3%B3lido%2Bhombre&qid=1744062031&sr=8-90,"5,0 de 5 estrellas",,"9,95 €","4/8/2025, 05:40:43"
jabón sólido hombre,B0BY9BSPSW,LIDKOR Bio Champú Sólido con Extracto de Ortiga y Romero 80g - Champu con Aceite de Coco para el Cabello Anticaspa y la Caída del Cabello - Champu Sin Sulfatos ni Parabenos - Vegano - Pelo Graso,https://www.amazon.es//LIDKOR-Champ%C3%BA-S%C3%B3lido-Extracto-Ortiga/dp/B0BY9BSPSW/ref=sr_1_91?dib=eyJ2IjoiMSJ9.SzG4A8zx-slqdRpErQ78KkVWr3Tjvc-HwiLO2rxBOH57PVEh7EHTkvwrqMTZIx9oowLhBDJBvLWuZbfTreEyeMcdSKTlkQgo9nMfJEEWX5UDDNN_S4cvF6bvOeKTY9Q06Y5TBwmh-OLpAOY6Z571dUPC0id36fr4ePdO1qJdQERYNHK8rWlH28oEsMGP6NjGU79uZDjjTnZZf5xJ402vdwkMFkzTKXkczpV9Lpp8wjv-D4jpjobQs1d0iLiVGIRcLNlMgu98i2msg5uFiULGHqqQnFp_IFPhesj6OXiyt8o.vmMm8ISs3NHJQArLi0AJkua8LvX-k8XUiF_8s0NXRMo&dib_tag=se&keywords=jab%C3%B3n%2Bs%C3%B3lido%2Bhombre&qid=1744062031&sr=8-91,"3,8 de 5 estrellas",,"11,99 €","4/8/2025, 05:40:44"
jabón sólido hombre,B0BQWCZS4Z,"Écrin de Fleur – Jabón Desintoxicante de Carbón y Cedro - Jabón Artesanal Saponificado en Frío Orgánico, 1x90g",https://www.amazon.es//%C3%89crin-Fleur-Desintoxicante-Artesanal-Saponificado/dp/B0BQWCZS4Z/ref=sr_1_92?dib=eyJ2IjoiMSJ9.SzG4A8zx-slqdRpErQ78KkVWr3Tjvc-HwiLO2rxBOH57PVEh7EHTkvwrqMTZIx9oowLhBDJBvLWuZbfTreEyeMcdSKTlkQgo9nMfJEEWX5UDDNN_S4cvF6bvOeKTY9Q06Y5TBwmh-OLpAOY6Z571dUPC0id36fr4ePdO1qJdQERYNHK8rWlH28oEsMGP6NjGU79uZDjjTnZZf5xJ402vdwkMFkzTKXkczpV9Lpp8wjv-D4jpjobQs1d0iLiVGIRcLNlMgu98i2msg5uFiULGHqqQnFp_IFPhesj6OXiyt8o.vmMm8ISs3NHJQArLi0AJkua8LvX-k8XUiF_8s0NXRMo&dib_tag=se&keywords=jab%C3%B3n%2Bs%C3%B3lido%2Bhombre&qid=1744062031&sr=8-92,"4,6 de 5 estrellas",,"10,90 €","4/8/2025, 05:40:44"
jabón sólido hombre,B08VHKZWBQ,"Nivea MagicBar Limpiador facial sólido, radiante, agradable (75 g), limpiador facial para piel radiante, cosmética natural certificada con extracto de rosa y vitamina E",https://www.amazon.es//NIVEA-MagicBar-Limpiador-limpiador-certificada/dp/B08VHKZWBQ/ref=sr_1_93?dib=eyJ2IjoiMSJ9.SzG4A8zx-slqdRpErQ78KkVWr3Tjvc-HwiLO2rxBOH57PVEh7EHTkvwrqMTZIx9oowLhBDJBvLWuZbfTreEyeMcdSKTlkQgo9nMfJEEWX5UDDNN_S4cvF6bvOeKTY9Q06Y5TBwmh-OLpAOY6Z571dUPC0id36fr4ePdO1qJdQERYNHK8rWlH28oEsMGP6NjGU79uZDjjTnZZf5xJ402vdwkMFkzTKXkczpV9Lpp8wjv-D4jpjobQs1d0iLiVGIRcLNlMgu98i2msg5uFiULGHqqQnFp_IFPhesj6OXiyt8o.vmMm8ISs3NHJQArLi0AJkua8LvX-k8XUiF_8s0NXRMo&dib_tag=se&keywords=jab%C3%B3n%2Bs%C3%B3lido%2Bhombre&qid=1744062031&sr=8-93,"4,4 de 5 estrellas",,"14,49 €","4/8/2025, 05:40:44"
jabón sólido hombre,B07KXC2PY2,Lactacyd Alcalino Ph 8 Higiene Íntima Externa Durante el Tratamiento de las Infecciones Vaginales por Hongos 250 ml,https://www.amazon.es//Lactacyd-Alcalino-Tratamiento-Infecciones-Vaginales/dp/B07KXC2PY2/ref=sr_1_94?dib=eyJ2IjoiMSJ9.SzG4A8zx-slqdRpErQ78KkVWr3Tjvc-HwiLO2rxBOH57PVEh7EHTkvwrqMTZIx9oowLhBDJBvLWuZbfTreEyeMcdSKTlkQgo9nMfJEEWX5UDDNN_S4cvF6bvOeKTY9Q06Y5TBwmh-OLpAOY6Z571dUPC0id36fr4ePdO1qJdQERYNHK8rWlH28oEsMGP6NjGU79uZDjjTnZZf5xJ402vdwkMFkzTKXkczpV9Lpp8wjv-D4jpjobQs1d0iLiVGIRcLNlMgu98i2msg5uFiULGHqqQnFp_IFPhesj6OXiyt8o.vmMm8ISs3NHJQArLi0AJkua8LvX-k8XUiF_8s0NXRMo&dib_tag=se&keywords=jab%C3%B3n%2Bs%C3%B3lido%2Bhombre&qid=1744062031&sr=8-94,"4,4 de 5 estrellas",,"10,40 €","4/8/2025, 05:40:44"
jabón sólido hombre,B07N574KVH,Gel de ducha íntimo para hombres 200 ml I Gel de lavado para cuerpo y zona íntima I Cuidado suave y limpieza I Cuidado íntimo para hombres desarrollado por urólogos I vegano y dermatológicamente,https://www.amazon.es//Crema-para-hombres-ducha-%C3%ADntimo/dp/B07N574KVH/ref=sr_1_95?dib=eyJ2IjoiMSJ9.SzG4A8zx-slqdRpErQ78KkVWr3Tjvc-HwiLO2rxBOH57PVEh7EHTkvwrqMTZIx9oowLhBDJBvLWuZbfTreEyeMcdSKTlkQgo9nMfJEEWX5UDDNN_S4cvF6bvOeKTY9Q06Y5TBwmh-OLpAOY6Z571dUPC0id36fr4ePdO1qJdQERYNHK8rWlH28oEsMGP6NjGU79uZDjjTnZZf5xJ402vdwkMFkzTKXkczpV9Lpp8wjv-D4jpjobQs1d0iLiVGIRcLNlMgu98i2msg5uFiULGHqqQnFp_IFPhesj6OXiyt8o.vmMm8ISs3NHJQArLi0AJkua8LvX-k8XUiF_8s0NXRMo&dib_tag=se&keywords=jab%C3%B3n%2Bs%C3%B3lido%2Bhombre&qid=1744062031&sr=8-95,"4,4 de 5 estrellas",,"10,99 €","4/8/2025, 05:40:44"
jabón sólido hombre,B0DNFWCQFP,"Beardburys Champu Barba Hombre 2 en 1 | Limpiador Facial y Jabón Barba, Piel Protegida y Barba Suave, Sin Sulfatos y Sin Parabenos, Vegano, Aroma Amber - 150ml",https://www.amazon.es//Beardburys-Limpiador-Protegida-Sulfatos-Parabenos/dp/B0DNFWCQFP/ref=sr_1_96?dib=eyJ2IjoiMSJ9.SzG4A8zx-slqdRpErQ78KkVWr3Tjvc-HwiLO2rxBOH57PVEh7EHTkvwrqMTZIx9oowLhBDJBvLWuZbfTreEyeMcdSKTlkQgo9nMfJEEWX5UDDNN_S4cvF6bvOeKTY9Q06Y5TBwmh-OLpAOY6Z571dUPC0id36fr4ePdO1qJdQERYNHK8rWlH28oEsMGP6NjGU79uZDjjTnZZf5xJ402vdwkMFkzTKXkczpV9Lpp8wjv-D4jpjobQs1d0iLiVGIRcLNlMgu98i2msg5uFiULGHqqQnFp_IFPhesj6OXiyt8o.vmMm8ISs3NHJQArLi0AJkua8LvX-k8XUiF_8s0NXRMo&dib_tag=se&keywords=jab%C3%B3n%2Bs%C3%B3lido%2Bhombre&qid=1744062031&sr=8-96,"4,6 de 5 estrellas",,"18,95 €","4/8/2025, 05:40:44"
jabón sólido hombre,B09JZPHLTR,L'OCCITANE - Crema de manos Karité - 30 ml - Pieles secas - Fabricado en Francia,https://www.amazon.es//LOCCITANE-Nutritiva-Manteca-Enriquecida-Biol%C3%B3gica/dp/B09JZPHLTR/ref=sr_1_97?dib=eyJ2IjoiMSJ9.SzG4A8zx-slqdRpErQ78KkVWr3Tjvc-HwiLO2rxBOH57PVEh7EHTkvwrqMTZIx9oowLhBDJBvLWuZbfTreEyeMcdSKTlkQgo9nMfJEEWX5UDDNN_S4cvF6bvOeKTY9Q06Y5TBwmh-OLpAOY6Z571dUPC0id36fr4ePdO1qJdQERYNHK8rWlH28oEsMGP6NjGU79uZDjjTnZZf5xJ402vdwkMFkzTKXkczpV9Lpp8wjv-D4jpjobQs1d0iLiVGIRcLNlMgu98i2msg5uFiULGHqqQnFp_IFPhesj6OXiyt8o.vmMm8ISs3NHJQArLi0AJkua8LvX-k8XUiF_8s0NXRMo&dib_tag=se&keywords=jab%C3%B3n%2Bs%C3%B3lido%2Bhombre&qid=1744062031&sr=8-97,"4,5 de 5 estrellas",,"8,50 €","4/8/2025, 05:40:44"
jabón sólido hombre,B09L6FT46K,"Duschkind Champú sólido gel de ducha de aloe vera, cosmética natural, hecho a mano, vegano, 4 en 1 y caja de viaje para cabello normal, 100% libre de plástico, 56 g, con almacenamiento",https://www.amazon.es//Duschkind-cosm%C3%A9tica-natural-pl%C3%A1stico-almacenamiento/dp/B09L6FT46K/ref=sr_1_98?dib=eyJ2IjoiMSJ9.SzG4A8zx-slqdRpErQ78KkVWr3Tjvc-HwiLO2rxBOH57PVEh7EHTkvwrqMTZIx9oowLhBDJBvLWuZbfTreEyeMcdSKTlkQgo9nMfJEEWX5UDDNN_S4cvF6bvOeKTY9Q06Y5TBwmh-OLpAOY6Z571dUPC0id36fr4ePdO1qJdQERYNHK8rWlH28oEsMGP6NjGU79uZDjjTnZZf5xJ402vdwkMFkzTKXkczpV9Lpp8wjv-D4jpjobQs1d0iLiVGIRcLNlMgu98i2msg5uFiULGHqqQnFp_IFPhesj6OXiyt8o.vmMm8ISs3NHJQArLi0AJkua8LvX-k8XUiF_8s0NXRMo&dib_tag=se&keywords=jab%C3%B3n%2Bs%C3%B3lido%2Bhombre&qid=1744062031&sr=8-98,"4,5 de 5 estrellas",,"9,10 €","4/8/2025, 05:40:44"
jabón sólido hombre,B0CF9T61Q5,Champú Para Oscurecer El Cabello | Champu Canas | Jabón Champú Carbón Bambú | Solid Shampoo Soap | Pure Hair Jabon Anticanas | Adecuado Para La Mayoría Los Tipos Cabello,https://www.amazon.es//Oscurecer-Cabello-Shampoo-Anticanas-Adecuado/dp/B0CF9T61Q5/ref=sr_1_99?dib=eyJ2IjoiMSJ9.SzG4A8zx-slqdRpErQ78KkVWr3Tjvc-HwiLO2rxBOH57PVEh7EHTkvwrqMTZIx9oowLhBDJBvLWuZbfTreEyeMcdSKTlkQgo9nMfJEEWX5UDDNN_S4cvF6bvOeKTY9Q06Y5TBwmh-OLpAOY6Z571dUPC0id36fr4ePdO1qJdQERYNHK8rWlH28oEsMGP6NjGU79uZDjjTnZZf5xJ402vdwkMFkzTKXkczpV9Lpp8wjv-D4jpjobQs1d0iLiVGIRcLNlMgu98i2msg5uFiULGHqqQnFp_IFPhesj6OXiyt8o.vmMm8ISs3NHJQArLi0AJkua8LvX-k8XUiF_8s0NXRMo&dib_tag=se&keywords=jab%C3%B3n%2Bs%C3%B3lido%2Bhombre&qid=1744062031&sr=8-99,"2,7 de 5 estrellas",,"6,29 €","4/8/2025, 05:40:44"
jabón sólido hombre,B0BLVDQ8Q7,"Jabón De Champú De Jengibre,barra De Champú Anticaída Del Cabello,champú Solido De Jengibre,champú Anticaspa De Jengibre,champú De Jengibre Para El Crecimiento Del Cabello",https://www.amazon.es//Jengibre-Antica%C3%ADda-Cabello-Anticaspa-Crecimiento/dp/B0BLVDQ8Q7/ref=sr_1_100?dib=eyJ2IjoiMSJ9.SzG4A8zx-slqdRpErQ78KkVWr3Tjvc-HwiLO2rxBOH57PVEh7EHTkvwrqMTZIx9oowLhBDJBvLWuZbfTreEyeMcdSKTlkQgo9nMfJEEWX5UDDNN_S4cvF6bvOeKTY9Q06Y5TBwmh-OLpAOY6Z571dUPC0id36fr4ePdO1qJdQERYNHK8rWlH28oEsMGP6NjGU79uZDjjTnZZf5xJ402vdwkMFkzTKXkczpV9Lpp8wjv-D4jpjobQs1d0iLiVGIRcLNlMgu98i2msg5uFiULGHqqQnFp_IFPhesj6OXiyt8o.vmMm8ISs3NHJQArLi0AJkua8LvX-k8XUiF_8s0NXRMo&dib_tag=se&keywords=jab%C3%B3n%2Bs%C3%B3lido%2Bhombre&qid=1744062031&sr=8-100,"3,8 de 5 estrellas",,"9,49 €","4/8/2025, 05:40:45"
jabón sólido hombre,B0D538XMLR,"Anti Gray Bar, Barra de champú oscurecimiento para el cabello, Barra de champú inverso gris, Champú sólido Mujeres y hombres Contra las canas, Limpieza e hidratación del cabello (2pieza)",https://www.amazon.es//oscurecimiento-cabello-inverso-Limpieza-hidrataci%C3%B3n/dp/B0D538XMLR/ref=sr_1_101?dib=eyJ2IjoiMSJ9.SzG4A8zx-slqdRpErQ78KkVWr3Tjvc-HwiLO2rxBOH57PVEh7EHTkvwrqMTZIx9oowLhBDJBvLWuZbfTreEyeMcdSKTlkQgo9nMfJEEWX5UDDNN_S4cvF6bvOeKTY9Q06Y5TBwmh-OLpAOY6Z571dUPC0id36fr4ePdO1qJdQERYNHK8rWlH28oEsMGP6NjGU79uZDjjTnZZf5xJ402vdwkMFkzTKXkczpV9Lpp8wjv-D4jpjobQs1d0iLiVGIRcLNlMgu98i2msg5uFiULGHqqQnFp_IFPhesj6OXiyt8o.vmMm8ISs3NHJQArLi0AJkua8LvX-k8XUiF_8s0NXRMo&dib_tag=se&keywords=jab%C3%B3n%2Bs%C3%B3lido%2Bhombre&qid=1744062031&sr=8-101,"2,7 de 5 estrellas",,"15,99 €","4/8/2025, 05:40:45"
jabón sólido hombre,B00P2HSJZE,"Lactacyd Íntimo Gel de Higiene Íntima Diario, Pack Ahorro de 2 uds",https://www.amazon.es//Lactacyd-Jab%C3%B3n-para-higiene-%C3%ADntima/dp/B00P2HSJZE/ref=sr_1_102?dib=eyJ2IjoiMSJ9.SzG4A8zx-slqdRpErQ78KkVWr3Tjvc-HwiLO2rxBOH57PVEh7EHTkvwrqMTZIx9oowLhBDJBvLWuZbfTreEyeMcdSKTlkQgo9nMfJEEWX5UDDNN_S4cvF6bvOeKTY9Q06Y5TBwmh-OLpAOY6Z571dUPC0id36fr4ePdO1qJdQERYNHK8rWlH28oEsMGP6NjGU79uZDjjTnZZf5xJ402vdwkMFkzTKXkczpV9Lpp8wjv-D4jpjobQs1d0iLiVGIRcLNlMgu98i2msg5uFiULGHqqQnFp_IFPhesj6OXiyt8o.vmMm8ISs3NHJQArLi0AJkua8LvX-k8XUiF_8s0NXRMo&dib_tag=se&keywords=jab%C3%B3n%2Bs%C3%B3lido%2Bhombre&qid=1744062031&rdc=1&sr=8-102,"4,6 de 5 estrellas",,"11,59 €","4/8/2025, 05:40:45"
jabón sólido hombre,B0DPKMS3M6,"Gel Intimo Hombre, Gel Limpiador de Higiene Intima Antibacterias para Hombres, Gel Limpiador con Propiedades Hidratantes y Protectoras para la Zona Íntima, para Higiene y Protección, 20g",https://www.amazon.es//Antibacterias-Propiedades-Hidratantes-Protectoras-Protecci%C3%B3n/dp/B0DPKMS3M6/ref=sr_1_103?dib=eyJ2IjoiMSJ9.SzG4A8zx-slqdRpErQ78KkVWr3Tjvc-HwiLO2rxBOH57PVEh7EHTkvwrqMTZIx9oowLhBDJBvLWuZbfTreEyeMcdSKTlkQgo9nMfJEEWX5UDDNN_S4cvF6bvOeKTY9Q06Y5TBwmh-OLpAOY6Z571dUPC0id36fr4ePdO1qJdQERYNHK8rWlH28oEsMGP6NjGU79uZDjjTnZZf5xJ402vdwkMFkzTKXkczpV9Lpp8wjv-D4jpjobQs1d0iLiVGIRcLNlMgu98i2msg5uFiULGHqqQnFp_IFPhesj6OXiyt8o.vmMm8ISs3NHJQArLi0AJkua8LvX-k8XUiF_8s0NXRMo&dib_tag=se&keywords=jab%C3%B3n%2Bs%C3%B3lido%2Bhombre&qid=1744062031&sr=8-103,,,"9,99 €","4/8/2025, 05:40:45"
jabón sólido hombre,B08R23M99M,"Niyok® Champú sólido 2 en 1 + acondicionador ""Soft Blossom"" (80 g) • Jabón vegano • Champú y acondicionador sostenibles • Champú y acondicionador para el cabello • Cosmético 100% natural • Sin",https://www.amazon.es//acondicionador-pl%C3%A1stico-cabello-peinado-flossom/dp/B08R23M99M/ref=sr_1_104?dib=eyJ2IjoiMSJ9.SzG4A8zx-slqdRpErQ78KkVWr3Tjvc-HwiLO2rxBOH57PVEh7EHTkvwrqMTZIx9oowLhBDJBvLWuZbfTreEyeMcdSKTlkQgo9nMfJEEWX5UDDNN_S4cvF6bvOeKTY9Q06Y5TBwmh-OLpAOY6Z571dUPC0id36fr4ePdO1qJdQERYNHK8rWlH28oEsMGP6NjGU79uZDjjTnZZf5xJ402vdwkMFkzTKXkczpV9Lpp8wjv-D4jpjobQs1d0iLiVGIRcLNlMgu98i2msg5uFiULGHqqQnFp_IFPhesj6OXiyt8o.vmMm8ISs3NHJQArLi0AJkua8LvX-k8XUiF_8s0NXRMo&dib_tag=se&keywords=jab%C3%B3n%2Bs%C3%B3lido%2Bhombre&qid=1744062031&sr=8-104,"4,3 de 5 estrellas",,"12,60 €","4/8/2025, 05:40:45"
jabón sólido hombre,B0CXJKFNT6,"Monsieur BARBIER | Champú sólido ultra espumante | 100% natural, vegano, orgánico y certificado COSMOS ORGANIC | Ricin, Amla & Shikakai | Jabón de 60 g",https://www.amazon.es//Monsieur-BARBIER-espumante-org%C3%A1nico-certificado/dp/B0CXJKFNT6/ref=sr_1_105?dib=eyJ2IjoiMSJ9.SzG4A8zx-slqdRpErQ78KkVWr3Tjvc-HwiLO2rxBOH57PVEh7EHTkvwrqMTZIx9oowLhBDJBvLWuZbfTreEyeMcdSKTlkQgo9nMfJEEWX5UDDNN_S4cvF6bvOeKTY9Q06Y5TBwmh-OLpAOY6Z571dUPC0id36fr4ePdO1qJdQERYNHK8rWlH28oEsMGP6NjGU79uZDjjTnZZf5xJ402vdwkMFkzTKXkczpV9Lpp8wjv-D4jpjobQs1d0iLiVGIRcLNlMgu98i2msg5uFiULGHqqQnFp_IFPhesj6OXiyt8o.vmMm8ISs3NHJQArLi0AJkua8LvX-k8XUiF_8s0NXRMo&dib_tag=se&keywords=jab%C3%B3n%2Bs%C3%B3lido%2Bhombre&qid=1744062031&sr=8-105,"1,0 de 5 estrellas",,"20,06 €","4/8/2025, 05:40:45"
jabón sólido hombre,B09VT8PQZ1,Jabón de Afeitado 100% Natural & Francés de Monsieur BARBIER | Black Edition TONKA | Jabón de Barba tradicional por excelencia | Basado en Mantequilla de Karité y Coco | BIO y VEGAN | 150ml,https://www.amazon.es//MONSIEUR-BARBIER-afeitado-tradicional-excelencia/dp/B09VT8PQZ1/ref=sr_1_106?dib=eyJ2IjoiMSJ9.SzG4A8zx-slqdRpErQ78KkVWr3Tjvc-HwiLO2rxBOH57PVEh7EHTkvwrqMTZIx9oowLhBDJBvLWuZbfTreEyeMcdSKTlkQgo9nMfJEEWX5UDDNN_S4cvF6bvOeKTY9Q06Y5TBwmh-OLpAOY6Z571dUPC0id36fr4ePdO1qJdQERYNHK8rWlH28oEsMGP6NjGU79uZDjjTnZZf5xJ402vdwkMFkzTKXkczpV9Lpp8wjv-D4jpjobQs1d0iLiVGIRcLNlMgu98i2msg5uFiULGHqqQnFp_IFPhesj6OXiyt8o.vmMm8ISs3NHJQArLi0AJkua8LvX-k8XUiF_8s0NXRMo&dib_tag=se&keywords=jab%C3%B3n%2Bs%C3%B3lido%2Bhombre&qid=1744062031&sr=8-106,"2,7 de 5 estrellas",,"17,50 €","4/8/2025, 05:40:45"
jabón sólido hombre,B0CM9QRHNG,Champú Para Oscurecer El Cabello | Jabón orgánico para el cabello con carbón de bambú | Champú sólido para oscurecer el cabello negro | Pure Hair Jabon Anticanas para la mayoría de los tipos de cabell,https://www.amazon.es//Oscurecer-Cabello-org%C3%A1nico-oscurecer-Anticanas/dp/B0CM9QRHNG/ref=sr_1_107?dib=eyJ2IjoiMSJ9.SzG4A8zx-slqdRpErQ78KkVWr3Tjvc-HwiLO2rxBOH57PVEh7EHTkvwrqMTZIx9oowLhBDJBvLWuZbfTreEyeMcdSKTlkQgo9nMfJEEWX5UDDNN_S4cvF6bvOeKTY9Q06Y5TBwmh-OLpAOY6Z571dUPC0id36fr4ePdO1qJdQERYNHK8rWlH28oEsMGP6NjGU79uZDjjTnZZf5xJ402vdwkMFkzTKXkczpV9Lpp8wjv-D4jpjobQs1d0iLiVGIRcLNlMgu98i2msg5uFiULGHqqQnFp_IFPhesj6OXiyt8o.vmMm8ISs3NHJQArLi0AJkua8LvX-k8XUiF_8s0NXRMo&dib_tag=se&keywords=jab%C3%B3n%2Bs%C3%B3lido%2Bhombre&qid=1744062031&sr=8-107,,,"6,29 €","4/8/2025, 05:40:45"
jabón sólido hombre,B09LLR1P2N,"Champú Sólido Ecológico 120g - Santa Gadea Hair & Body| Para Cabello y Cuerpo | Sin Sulfatos, Con Leche de Cabra, aceite de oliva y Aceite de Árbol de Té",https://www.amazon.es//sspa/click?ie=UTF8&spc=MTo0NDk5MDMzMjk0NDQ3OTY5OjE3NDQwNjIwMzE6c3BfYnRmOjMwMDUxMDA4OTA0MTgzMjo6MDo6&url=%2FChamp%25C3%25BA-S%25C3%25B3lido-Ecol%25C3%25B3gico-120g-Sulfatos%2Fdp%2FB09LLR1P2N%2Fref%3Dsr_1_108_sspa%3Fdib%3DeyJ2IjoiMSJ9.SzG4A8zx-slqdRpErQ78KkVWr3Tjvc-HwiLO2rxBOH57PVEh7EHTkvwrqMTZIx9oowLhBDJBvLWuZbfTreEyeMcdSKTlkQgo9nMfJEEWX5UDDNN_S4cvF6bvOeKTY9Q06Y5TBwmh-OLpAOY6Z571dUPC0id36fr4ePdO1qJdQERYNHK8rWlH28oEsMGP6NjGU79uZDjjTnZZf5xJ402vdwkMFkzTKXkczpV9Lpp8wjv-D4jpjobQs1d0iLiVGIRcLNlMgu98i2msg5uFiULGHqqQnFp_IFPhesj6OXiyt8o.vmMm8ISs3NHJQArLi0AJkua8LvX-k8XUiF_8s0NXRMo%26dib_tag%3Dse%26keywords%3Djab%25C3%25B3n%252Bs%25C3%25B3lido%252Bhombre%26qid%3D1744062031%26sr%3D8-108-spons%26sp_csd%3Dd2lkZ2V0TmFtZT1zcF9idGY%26psc%3D1,"3,9 de 5 estrellas",,"8,99 €","4/8/2025, 05:40:45"
jabón sólido hombre,B088ZR871H,"Jabón con 4 ingredientes activos, ácido salicílico, aloe vera, ácido kójico y azufre para exfoliar poros, aclara la piel, antimanchas, limpieza profunda, para piel seca, piel grasa, manchas oscuras.",https://www.amazon.es//Jab%C3%B3n-amarillo-salisoap-areton-antimanchas/dp/B088ZR871H/ref=sr_1_97?dib=eyJ2IjoiMSJ9.z04KrrITTGtMm-FTL7ObtKpmdKis_yDUl-md51YLIXF42-FLvBi0N1pIiwrTF2GRWeofrUa4Ez1hoEjsWEugdNc8VXAcnNWSoxRVaEqnlUpLuNNBhDqlKLAbp9bQZyNzBEdda2ZpoqoCl1fdf_xQCKG35YpuRfTBEU2jbvx5XhmUHg6nlWKaZYkWBPNtPPx8dDBJxqMwqz1e6fV4kSaD9W45w_3RTY2uXgTYHkPcURL-efi4e9bA1Y9FFAmv5M11p3SnURExqTh9vVrIOe4PBJRKkPkLJCw1Xs__rsE2KLo.EZUcFjpMlbwsfFTvVUwPquJwzoa7SVhvBAGEEW3vyMw&dib_tag=se&keywords=jab%C3%B3n%2Bs%C3%B3lido%2Bhombre&qid=1744062046&sr=8-97,"4,0 de 5 estrellas",,"6,99 €","4/8/2025, 05:40:53"
jabón sólido hombre,B01N7OLQRF,Jabón en Barra de Zanahoria y Aceite de Argán de 7oz de la Línea Makari Extreme – Jabón Anti-edad que Exfolia y Aclara la Piel con Organiclarina™ – Tratamiento Blanqueador para Hiperpigmentación,https://www.amazon.es//Extreme-Advanced-Lightening-Exfoliating-organiclarine/dp/B01N7OLQRF/ref=sr_1_98?dib=eyJ2IjoiMSJ9.z04KrrITTGtMm-FTL7ObtKpmdKis_yDUl-md51YLIXF42-FLvBi0N1pIiwrTF2GRWeofrUa4Ez1hoEjsWEugdNc8VXAcnNWSoxRVaEqnlUpLuNNBhDqlKLAbp9bQZyNzBEdda2ZpoqoCl1fdf_xQCKG35YpuRfTBEU2jbvx5XhmUHg6nlWKaZYkWBPNtPPx8dDBJxqMwqz1e6fV4kSaD9W45w_3RTY2uXgTYHkPcURL-efi4e9bA1Y9FFAmv5M11p3SnURExqTh9vVrIOe4PBJRKkPkLJCw1Xs__rsE2KLo.EZUcFjpMlbwsfFTvVUwPquJwzoa7SVhvBAGEEW3vyMw&dib_tag=se&keywords=jab%C3%B3n%2Bs%C3%B3lido%2Bhombre&qid=1744062046&sr=8-98,"4,2 de 5 estrellas",,"40,00 €","4/8/2025, 05:40:53"
jabón sólido hombre,B072Q7V9WH,Skineco Jabón natural con carbón activo y leche de cabra con efecto exfoliante | Jabón negro hecho a mano en frío (10 unidades),https://www.amazon.es//Skineco-natural-carb%C3%B3n-exfoliante-unidades/dp/B072Q7V9WH/ref=sr_1_99?dib=eyJ2IjoiMSJ9.z04KrrITTGtMm-FTL7ObtKpmdKis_yDUl-md51YLIXF42-FLvBi0N1pIiwrTF2GRWeofrUa4Ez1hoEjsWEugdNc8VXAcnNWSoxRVaEqnlUpLuNNBhDqlKLAbp9bQZyNzBEdda2ZpoqoCl1fdf_xQCKG35YpuRfTBEU2jbvx5XhmUHg6nlWKaZYkWBPNtPPx8dDBJxqMwqz1e6fV4kSaD9W45w_3RTY2uXgTYHkPcURL-efi4e9bA1Y9FFAmv5M11p3SnURExqTh9vVrIOe4PBJRKkPkLJCw1Xs__rsE2KLo.EZUcFjpMlbwsfFTvVUwPquJwzoa7SVhvBAGEEW3vyMw&dib_tag=se&keywords=jab%C3%B3n%2Bs%C3%B3lido%2Bhombre&qid=1744062046&sr=8-99,"4,0 de 5 estrellas",,"59,95 €","4/8/2025, 05:40:53"
jabón sólido hombre,B0DTL9NFJY,"Cofre de 4 Jabones Naturales Campos de Ibiza – Flor de Almendra, Flor de Algodón, Flor de Jazmín y Rosa – Jabones Vegetales de Aceite de Oliva y Coco – Sin Aceite de Palma– Sin Parabenos – 4 x 100g",https://www.amazon.es//Cofre-Jabones-Naturales-Campos-Ibiza/dp/B0DTL9NFJY/ref=sr_1_100?dib=eyJ2IjoiMSJ9.z04KrrITTGtMm-FTL7ObtKpmdKis_yDUl-md51YLIXF42-FLvBi0N1pIiwrTF2GRWeofrUa4Ez1hoEjsWEugdNc8VXAcnNWSoxRVaEqnlUpLuNNBhDqlKLAbp9bQZyNzBEdda2ZpoqoCl1fdf_xQCKG35YpuRfTBEU2jbvx5XhmUHg6nlWKaZYkWBPNtPPx8dDBJxqMwqz1e6fV4kSaD9W45w_3RTY2uXgTYHkPcURL-efi4e9bA1Y9FFAmv5M11p3SnURExqTh9vVrIOe4PBJRKkPkLJCw1Xs__rsE2KLo.EZUcFjpMlbwsfFTvVUwPquJwzoa7SVhvBAGEEW3vyMw&dib_tag=se&keywords=jab%C3%B3n%2Bs%C3%B3lido%2Bhombre&qid=1744062046&sr=8-100,,,"32,00 €","4/8/2025, 05:40:53"
jabón sólido hombre,B00GNH30CE,"ManCave Limpiador Facial Hombre de Corteza de Sauce, 125 ml – Jabón Facial Espumante con Extracto de Sauce, Té Verde, Espinacas – Limpieza Facial Desintoxicante, Fórmula Natural, Sin Sulfatos, Vegana",https://www.amazon.es//ManCave-Limpieza-Facial-125-ml/dp/B00GNH30CE/ref=sr_1_101?dib=eyJ2IjoiMSJ9.z04KrrITTGtMm-FTL7ObtKpmdKis_yDUl-md51YLIXF42-FLvBi0N1pIiwrTF2GRWeofrUa4Ez1hoEjsWEugdNc8VXAcnNWSoxRVaEqnlUpLuNNBhDqlKLAbp9bQZyNzBEdda2ZpoqoCl1fdf_xQCKG35YpuRfTBEU2jbvx5XhmUHg6nlWKaZYkWBPNtPPx8dDBJxqMwqz1e6fV4kSaD9W45w_3RTY2uXgTYHkPcURL-efi4e9bA1Y9FFAmv5M11p3SnURExqTh9vVrIOe4PBJRKkPkLJCw1Xs__rsE2KLo.EZUcFjpMlbwsfFTvVUwPquJwzoa7SVhvBAGEEW3vyMw&dib_tag=se&keywords=jab%C3%B3n%2Bs%C3%B3lido%2Bhombre&qid=1744062046&sr=8-101,"4,5 de 5 estrellas",,"14,00 €","4/8/2025, 05:40:53"
jabón sólido hombre,B0C6N1X99N,"CETAPHIL Crema Espuma Limpiadora Facial, piel sensible, normal a seca, elimina la suciedad y el maquillaje preservando el microbioma cutáneo 473ML",https://www.amazon.es//CETAPHIL-Limpiadora-maquillaje-preservando-microbioma/dp/B0C6N1X99N/ref=sr_1_102?dib=eyJ2IjoiMSJ9.z04KrrITTGtMm-FTL7ObtKpmdKis_yDUl-md51YLIXF42-FLvBi0N1pIiwrTF2GRWeofrUa4Ez1hoEjsWEugdNc8VXAcnNWSoxRVaEqnlUpLuNNBhDqlKLAbp9bQZyNzBEdda2ZpoqoCl1fdf_xQCKG35YpuRfTBEU2jbvx5XhmUHg6nlWKaZYkWBPNtPPx8dDBJxqMwqz1e6fV4kSaD9W45w_3RTY2uXgTYHkPcURL-efi4e9bA1Y9FFAmv5M11p3SnURExqTh9vVrIOe4PBJRKkPkLJCw1Xs__rsE2KLo.EZUcFjpMlbwsfFTvVUwPquJwzoa7SVhvBAGEEW3vyMw&dib_tag=se&keywords=jab%C3%B3n%2Bs%C3%B3lido%2Bhombre&qid=1744062046&sr=8-102,"4,7 de 5 estrellas",,,"4/8/2025, 05:40:53"
jabón sólido hombre,B0CRF3XDQB,Housoutil 30 Piezas Bolsa De Jabón Bolsas Bolsa De Burbujas De Jabón Esponja Jabón Facial Jabon Sasquatch Jabón En Barra Para Hombre De Los Hombres Cuerpo Poliéster Jabón Exfoliante,https://www.amazon.es//Housoutil-Burbujas-Sasquatch-Poli%C3%A9ster-Exfoliante/dp/B0CRF3XDQB/ref=sr_1_103?dib=eyJ2IjoiMSJ9.z04KrrITTGtMm-FTL7ObtKpmdKis_yDUl-md51YLIXF42-FLvBi0N1pIiwrTF2GRWeofrUa4Ez1hoEjsWEugdNc8VXAcnNWSoxRVaEqnlUpLuNNBhDqlKLAbp9bQZyNzBEdda2ZpoqoCl1fdf_xQCKG35YpuRfTBEU2jbvx5XhmUHg6nlWKaZYkWBPNtPPx8dDBJxqMwqz1e6fV4kSaD9W45w_3RTY2uXgTYHkPcURL-efi4e9bA1Y9FFAmv5M11p3SnURExqTh9vVrIOe4PBJRKkPkLJCw1Xs__rsE2KLo.EZUcFjpMlbwsfFTvVUwPquJwzoa7SVhvBAGEEW3vyMw&dib_tag=se&keywords=jab%C3%B3n%2Bs%C3%B3lido%2Bhombre&qid=1744062046&sr=8-103,,,"31,49 €","4/8/2025, 05:40:53"
jabón sólido hombre,B0CG5M967Z,"Yana Limpiador Facial con Carbón Activado para Piel Grasa y con Acné - Con Salicílico, Niacinamida y Ácido Kójico - Jabón Suave Hombres y Mujeres - Limpieza Profunda, Control del Sebo e Iluminación",https://www.amazon.es//Yana-Blanqueador-Instant%C3%A1neo-Desintoxica-Profundamente/dp/B0CG5M967Z/ref=sr_1_104?dib=eyJ2IjoiMSJ9.z04KrrITTGtMm-FTL7ObtKpmdKis_yDUl-md51YLIXF42-FLvBi0N1pIiwrTF2GRWeofrUa4Ez1hoEjsWEugdNc8VXAcnNWSoxRVaEqnlUpLuNNBhDqlKLAbp9bQZyNzBEdda2ZpoqoCl1fdf_xQCKG35YpuRfTBEU2jbvx5XhmUHg6nlWKaZYkWBPNtPPx8dDBJxqMwqz1e6fV4kSaD9W45w_3RTY2uXgTYHkPcURL-efi4e9bA1Y9FFAmv5M11p3SnURExqTh9vVrIOe4PBJRKkPkLJCw1Xs__rsE2KLo.EZUcFjpMlbwsfFTvVUwPquJwzoa7SVhvBAGEEW3vyMw&dib_tag=se&keywords=jab%C3%B3n%2Bs%C3%B3lido%2Bhombre&qid=1744062046&sr=8-104,"4,2 de 5 estrellas",,"13,37 €","4/8/2025, 05:40:53"
jabón sólido hombre,B07JF1Y7GZ,"Sistema hecho a mano del regalo de la barra del jabón del aceite esencial, ingredientes orgánicos naturales (6 PCS)",https://www.amazon.es//Sistema-esencial-ingredientes-org%C3%A1nicos-naturales/dp/B07JF1Y7GZ/ref=sr_1_105?dib=eyJ2IjoiMSJ9.z04KrrITTGtMm-FTL7ObtKpmdKis_yDUl-md51YLIXF42-FLvBi0N1pIiwrTF2GRWeofrUa4Ez1hoEjsWEugdNc8VXAcnNWSoxRVaEqnlUpLuNNBhDqlKLAbp9bQZyNzBEdda2ZpoqoCl1fdf_xQCKG35YpuRfTBEU2jbvx5XhmUHg6nlWKaZYkWBPNtPPx8dDBJxqMwqz1e6fV4kSaD9W45w_3RTY2uXgTYHkPcURL-efi4e9bA1Y9FFAmv5M11p3SnURExqTh9vVrIOe4PBJRKkPkLJCw1Xs__rsE2KLo.EZUcFjpMlbwsfFTvVUwPquJwzoa7SVhvBAGEEW3vyMw&dib_tag=se&keywords=jab%C3%B3n%2Bs%C3%B3lido%2Bhombre&qid=1744062046&sr=8-105,"4,1 de 5 estrellas",,"13,99 €","4/8/2025, 05:40:54"
jabón sólido hombre,B07VZ3XRQZ,"Prija Jabón de Manos Vitalizante, Loción de Masaje Relajante, Hidratante de Manos y Cuerpo y Gel de Ducha y Champú Vitalizante 2 en 1 Paquete de 4 x 380ml",https://www.amazon.es//Prija-Vitalizante-Relajante-Hidratante-Paquete/dp/B07VZ3XRQZ/ref=sr_1_106?dib=eyJ2IjoiMSJ9.z04KrrITTGtMm-FTL7ObtKpmdKis_yDUl-md51YLIXF42-FLvBi0N1pIiwrTF2GRWeofrUa4Ez1hoEjsWEugdNc8VXAcnNWSoxRVaEqnlUpLuNNBhDqlKLAbp9bQZyNzBEdda2ZpoqoCl1fdf_xQCKG35YpuRfTBEU2jbvx5XhmUHg6nlWKaZYkWBPNtPPx8dDBJxqMwqz1e6fV4kSaD9W45w_3RTY2uXgTYHkPcURL-efi4e9bA1Y9FFAmv5M11p3SnURExqTh9vVrIOe4PBJRKkPkLJCw1Xs__rsE2KLo.EZUcFjpMlbwsfFTvVUwPquJwzoa7SVhvBAGEEW3vyMw&dib_tag=se&keywords=jab%C3%B3n%2Bs%C3%B3lido%2Bhombre&qid=1744062046&sr=8-106,"5,0 de 5 estrellas",,"43,49 €","4/8/2025, 05:40:54"
jabón sólido hombre,B0CV47LFXJ,3ina Makeup - The Yellow Cleanser + The Blue Cleanser + The White Toner - Aceite Limpiador para Fortalecer Barrera Cutánea - Gel Limpiador Facial - Tónico Facial - Vegan - Cruelty Free,https://www.amazon.es//3ina-Makeup-Cleanser-Limpiador-Fortalecer/dp/B0CV47LFXJ/ref=sr_1_107?dib=eyJ2IjoiMSJ9.z04KrrITTGtMm-FTL7ObtKpmdKis_yDUl-md51YLIXF42-FLvBi0N1pIiwrTF2GRWeofrUa4Ez1hoEjsWEugdNc8VXAcnNWSoxRVaEqnlUpLuNNBhDqlKLAbp9bQZyNzBEdda2ZpoqoCl1fdf_xQCKG35YpuRfTBEU2jbvx5XhmUHg6nlWKaZYkWBPNtPPx8dDBJxqMwqz1e6fV4kSaD9W45w_3RTY2uXgTYHkPcURL-efi4e9bA1Y9FFAmv5M11p3SnURExqTh9vVrIOe4PBJRKkPkLJCw1Xs__rsE2KLo.EZUcFjpMlbwsfFTvVUwPquJwzoa7SVhvBAGEEW3vyMw&dib_tag=se&keywords=jab%C3%B3n%2Bs%C3%B3lido%2Bhombre&qid=1744062046&sr=8-107,,,"57,09 €","4/8/2025, 05:40:54"
jabón sólido hombre,B0CY3LBVNM,"Jabon Natural carbon activado y Sal del Himalaya - Acne - Puntos negros - limpiador facial - piel grasa - jabon de manos, facial y cuerpo - Jabon Artesanal SERRADAS Negro",https://www.amazon.es//Jab%C3%B3n-Carb%C3%B3n-Vegetal-Himalaya-Natural/dp/B0CY3LBVNM/ref=sr_1_108?dib=eyJ2IjoiMSJ9.z04KrrITTGtMm-FTL7ObtKpmdKis_yDUl-md51YLIXF42-FLvBi0N1pIiwrTF2GRWeofrUa4Ez1hoEjsWEugdNc8VXAcnNWSoxRVaEqnlUpLuNNBhDqlKLAbp9bQZyNzBEdda2ZpoqoCl1fdf_xQCKG35YpuRfTBEU2jbvx5XhmUHg6nlWKaZYkWBPNtPPx8dDBJxqMwqz1e6fV4kSaD9W45w_3RTY2uXgTYHkPcURL-efi4e9bA1Y9FFAmv5M11p3SnURExqTh9vVrIOe4PBJRKkPkLJCw1Xs__rsE2KLo.EZUcFjpMlbwsfFTvVUwPquJwzoa7SVhvBAGEEW3vyMw&dib_tag=se&keywords=jab%C3%B3n%2Bs%C3%B3lido%2Bhombre&qid=1744062046&sr=8-108,"4,0 de 5 estrellas",,"13,80 €","4/8/2025, 05:40:54"
jabón sólido hombre,B09HQV62R9,Marcel's Green Soap - Body Bar Vanilla & Cherryblossom - Ahorra 3 botellas de gel de ducha regular - 100% ecológico - 100% vegano - 97% biodegradable - 150 g,https://www.amazon.es//Marcels-Green-Soap-Vainilla-biodegradable/dp/B09HQV62R9/ref=sr_1_109?dib=eyJ2IjoiMSJ9.z04KrrITTGtMm-FTL7ObtKpmdKis_yDUl-md51YLIXF42-FLvBi0N1pIiwrTF2GRWeofrUa4Ez1hoEjsWEugdNc8VXAcnNWSoxRVaEqnlUpLuNNBhDqlKLAbp9bQZyNzBEdda2ZpoqoCl1fdf_xQCKG35YpuRfTBEU2jbvx5XhmUHg6nlWKaZYkWBPNtPPx8dDBJxqMwqz1e6fV4kSaD9W45w_3RTY2uXgTYHkPcURL-efi4e9bA1Y9FFAmv5M11p3SnURExqTh9vVrIOe4PBJRKkPkLJCw1Xs__rsE2KLo.EZUcFjpMlbwsfFTvVUwPquJwzoa7SVhvBAGEEW3vyMw&dib_tag=se&keywords=jab%C3%B3n%2Bs%C3%B3lido%2Bhombre&qid=1744062046&sr=8-109,"4,4 de 5 estrellas",,"5,95 €","4/8/2025, 05:40:54"
jabón sólido hombre,B0CQKNTKMS,Jabón manos. Jabón sólido almendra dulce para baño y ducha. Jabones artesanales. Jabón cuerpo en envase de 90 grs. Oil cleanser. Jabón cuerpo pastilla. Con Vitamina E. Pastilla de jabón corporal.,https://www.amazon.es//almendra-artesanales-cleanser-pastilla-corporal/dp/B0CQKNTKMS/ref=sr_1_111?dib=eyJ2IjoiMSJ9.z04KrrITTGtMm-FTL7ObtKpmdKis_yDUl-md51YLIXF42-FLvBi0N1pIiwrTF2GRWeofrUa4Ez1hoEjsWEugdNc8VXAcnNWSoxRVaEqnlUpLuNNBhDqlKLAbp9bQZyNzBEdda2ZpoqoCl1fdf_xQCKG35YpuRfTBEU2jbvx5XhmUHg6nlWKaZYkWBPNtPPx8dDBJxqMwqz1e6fV4kSaD9W45w_3RTY2uXgTYHkPcURL-efi4e9bA1Y9FFAmv5M11p3SnURExqTh9vVrIOe4PBJRKkPkLJCw1Xs__rsE2KLo.EZUcFjpMlbwsfFTvVUwPquJwzoa7SVhvBAGEEW3vyMw&dib_tag=se&keywords=jab%C3%B3n%2Bs%C3%B3lido%2Bhombre&qid=1744062046&sr=8-111,,,"25,00 €","4/8/2025, 05:40:54"
jabón sólido hombre,B07VPKBMJT,SUAVINA - Labial Hidratante Tubo 12 ml + 2 Hidratantes de Labios Tarro 10 ml y 15 ml + Crema de Manos 40 ml + Jabon Natural Solido 60 ml - Pack Regalo Original de 5 Unidades,https://www.amazon.es//SUAVINA-Hidratante-Hidratantes-Original-Unidades/dp/B07VPKBMJT/ref=sr_1_112?dib=eyJ2IjoiMSJ9.z04KrrITTGtMm-FTL7ObtKpmdKis_yDUl-md51YLIXF42-FLvBi0N1pIiwrTF2GRWeofrUa4Ez1hoEjsWEugdNc8VXAcnNWSoxRVaEqnlUpLuNNBhDqlKLAbp9bQZyNzBEdda2ZpoqoCl1fdf_xQCKG35YpuRfTBEU2jbvx5XhmUHg6nlWKaZYkWBPNtPPx8dDBJxqMwqz1e6fV4kSaD9W45w_3RTY2uXgTYHkPcURL-efi4e9bA1Y9FFAmv5M11p3SnURExqTh9vVrIOe4PBJRKkPkLJCw1Xs__rsE2KLo.EZUcFjpMlbwsfFTvVUwPquJwzoa7SVhvBAGEEW3vyMw&dib_tag=se&keywords=jab%C3%B3n%2Bs%C3%B3lido%2Bhombre&qid=1744062046&sr=8-112,"4,6 de 5 estrellas",,"20,10 €","4/8/2025, 05:40:54"
jabón sólido hombre,B0CRH52MRQ,Ipetboom Jabones Jabón Hecho A Mano Jabón Hidratante Jabón De Limpieza Aceite De Jabón Champú Sólido Jabón Sólido Jabón De Baño Árbol De Té,https://www.amazon.es//Ipetboom-Jabones-Hidratante-Limpieza-Aceite/dp/B0CRH52MRQ/ref=sr_1_113?dib=eyJ2IjoiMSJ9.z04KrrITTGtMm-FTL7ObtKpmdKis_yDUl-md51YLIXF42-FLvBi0N1pIiwrTF2GRWeofrUa4Ez1hoEjsWEugdNc8VXAcnNWSoxRVaEqnlUpLuNNBhDqlKLAbp9bQZyNzBEdda2ZpoqoCl1fdf_xQCKG35YpuRfTBEU2jbvx5XhmUHg6nlWKaZYkWBPNtPPx8dDBJxqMwqz1e6fV4kSaD9W45w_3RTY2uXgTYHkPcURL-efi4e9bA1Y9FFAmv5M11p3SnURExqTh9vVrIOe4PBJRKkPkLJCw1Xs__rsE2KLo.EZUcFjpMlbwsfFTvVUwPquJwzoa7SVhvBAGEEW3vyMw&dib_tag=se&keywords=jab%C3%B3n%2Bs%C3%B3lido%2Bhombre&qid=1744062046&sr=8-113,,,"10,39 €","4/8/2025, 05:40:54"
jabón sólido hombre,B0DY6P9Z4L,Healeved jabón de afeitar decoración de estatuillas delantal de barba Afeitar con Jabón hidratante crema de afeitar sensible para hombres jabón de de la barra pegar,https://www.amazon.es//Healeved-decoraci%C3%B3n-estatuillas-delantal-hidratante/dp/B0DY6P9Z4L/ref=sr_1_114?dib=eyJ2IjoiMSJ9.z04KrrITTGtMm-FTL7ObtKpmdKis_yDUl-md51YLIXF42-FLvBi0N1pIiwrTF2GRWeofrUa4Ez1hoEjsWEugdNc8VXAcnNWSoxRVaEqnlUpLuNNBhDqlKLAbp9bQZyNzBEdda2ZpoqoCl1fdf_xQCKG35YpuRfTBEU2jbvx5XhmUHg6nlWKaZYkWBPNtPPx8dDBJxqMwqz1e6fV4kSaD9W45w_3RTY2uXgTYHkPcURL-efi4e9bA1Y9FFAmv5M11p3SnURExqTh9vVrIOe4PBJRKkPkLJCw1Xs__rsE2KLo.EZUcFjpMlbwsfFTvVUwPquJwzoa7SVhvBAGEEW3vyMw&dib_tag=se&keywords=jab%C3%B3n%2Bs%C3%B3lido%2Bhombre&qid=1744062046&sr=8-114,,,"13,69 €","4/8/2025, 05:40:54"
jabón sólido hombre,B0BZQB4RGV,Decolores - Limpiador Facial Sólido - Para Piel Grasa - 80 g - Pastilla - 100% Natural - con CBD - Regula el Sebo - Syndet - Sin Jabón - Ecológico,https://www.amazon.es//Decolores-Limpiador-Pastilla-Natural-Ecol%C3%B3gico/dp/B0BZQB4RGV/ref=sr_1_115?dib=eyJ2IjoiMSJ9.z04KrrITTGtMm-FTL7ObtKpmdKis_yDUl-md51YLIXF42-FLvBi0N1pIiwrTF2GRWeofrUa4Ez1hoEjsWEugdNc8VXAcnNWSoxRVaEqnlUpLuNNBhDqlKLAbp9bQZyNzBEdda2ZpoqoCl1fdf_xQCKG35YpuRfTBEU2jbvx5XhmUHg6nlWKaZYkWBPNtPPx8dDBJxqMwqz1e6fV4kSaD9W45w_3RTY2uXgTYHkPcURL-efi4e9bA1Y9FFAmv5M11p3SnURExqTh9vVrIOe4PBJRKkPkLJCw1Xs__rsE2KLo.EZUcFjpMlbwsfFTvVUwPquJwzoa7SVhvBAGEEW3vyMw&dib_tag=se&keywords=jab%C3%B3n%2Bs%C3%B3lido%2Bhombre&qid=1744062046&sr=8-115,,,"13,95 €","4/8/2025, 05:40:55"
jabón sólido hombre,B0D9QPVPSF,Grace Exfoliante Facial | Jabón Limpiador Exfoliante Facial | Desobstruye los poros y suaviza la piel | Hidrata y regenera las celulas muertas,https://www.amazon.es//Exfoliante-Limpiador-Desobstruye-suaviza-regenera/dp/B0D9QPVPSF/ref=sr_1_116?dib=eyJ2IjoiMSJ9.z04KrrITTGtMm-FTL7ObtKpmdKis_yDUl-md51YLIXF42-FLvBi0N1pIiwrTF2GRWeofrUa4Ez1hoEjsWEugdNc8VXAcnNWSoxRVaEqnlUpLuNNBhDqlKLAbp9bQZyNzBEdda2ZpoqoCl1fdf_xQCKG35YpuRfTBEU2jbvx5XhmUHg6nlWKaZYkWBPNtPPx8dDBJxqMwqz1e6fV4kSaD9W45w_3RTY2uXgTYHkPcURL-efi4e9bA1Y9FFAmv5M11p3SnURExqTh9vVrIOe4PBJRKkPkLJCw1Xs__rsE2KLo.EZUcFjpMlbwsfFTvVUwPquJwzoa7SVhvBAGEEW3vyMw&dib_tag=se&keywords=jab%C3%B3n%2Bs%C3%B3lido%2Bhombre&qid=1744062046&sr=8-116,,,"17,95 €","4/8/2025, 05:40:55"
jabón sólido hombre,B0DY2M77X4,minkissy jabón de afeitar sopladora crema de afeitar facial Afeitar con Jabón hidratante crema de afeitar para mujeres crema de afeitar natural para hombres pegar,https://www.amazon.es//minkissy-afeitar-sopladora-Afeitar-hidratante/dp/B0DY2M77X4/ref=sr_1_117?dib=eyJ2IjoiMSJ9.z04KrrITTGtMm-FTL7ObtKpmdKis_yDUl-md51YLIXF42-FLvBi0N1pIiwrTF2GRWeofrUa4Ez1hoEjsWEugdNc8VXAcnNWSoxRVaEqnlUpLuNNBhDqlKLAbp9bQZyNzBEdda2ZpoqoCl1fdf_xQCKG35YpuRfTBEU2jbvx5XhmUHg6nlWKaZYkWBPNtPPx8dDBJxqMwqz1e6fV4kSaD9W45w_3RTY2uXgTYHkPcURL-efi4e9bA1Y9FFAmv5M11p3SnURExqTh9vVrIOe4PBJRKkPkLJCw1Xs__rsE2KLo.EZUcFjpMlbwsfFTvVUwPquJwzoa7SVhvBAGEEW3vyMw&dib_tag=se&keywords=jab%C3%B3n%2Bs%C3%B3lido%2Bhombre&qid=1744062046&sr=8-117,,,"14,89 €","4/8/2025, 05:40:55"
jabón sólido hombre,B09QMVSF3Y,CRIGEMA - Jabón de sal del Himalaya en forma rectangular - aprox. 200 g - 100% puro y natural,https://www.amazon.es//CRIGEMA-Himalaya-rectangular-aprox-natural/dp/B09QMVSF3Y/ref=sr_1_118?dib=eyJ2IjoiMSJ9.z04KrrITTGtMm-FTL7ObtKpmdKis_yDUl-md51YLIXF42-FLvBi0N1pIiwrTF2GRWeofrUa4Ez1hoEjsWEugdNc8VXAcnNWSoxRVaEqnlUpLuNNBhDqlKLAbp9bQZyNzBEdda2ZpoqoCl1fdf_xQCKG35YpuRfTBEU2jbvx5XhmUHg6nlWKaZYkWBPNtPPx8dDBJxqMwqz1e6fV4kSaD9W45w_3RTY2uXgTYHkPcURL-efi4e9bA1Y9FFAmv5M11p3SnURExqTh9vVrIOe4PBJRKkPkLJCw1Xs__rsE2KLo.EZUcFjpMlbwsfFTvVUwPquJwzoa7SVhvBAGEEW3vyMw&dib_tag=se&keywords=jab%C3%B3n%2Bs%C3%B3lido%2Bhombre&qid=1744062046&sr=8-118,,,"10,90 €","4/8/2025, 05:40:55"
jabón sólido hombre,B08VHR248G,"Nivea - MagicBar Antiimpurezas, 75 g",https://www.amazon.es//NIVEA-MagicBar-Antiimpurezas-75-g/dp/B08VHR248G/ref=sr_1_119?dib=eyJ2IjoiMSJ9.z04KrrITTGtMm-FTL7ObtKpmdKis_yDUl-md51YLIXF42-FLvBi0N1pIiwrTF2GRWeofrUa4Ez1hoEjsWEugdNc8VXAcnNWSoxRVaEqnlUpLuNNBhDqlKLAbp9bQZyNzBEdda2ZpoqoCl1fdf_xQCKG35YpuRfTBEU2jbvx5XhmUHg6nlWKaZYkWBPNtPPx8dDBJxqMwqz1e6fV4kSaD9W45w_3RTY2uXgTYHkPcURL-efi4e9bA1Y9FFAmv5M11p3SnURExqTh9vVrIOe4PBJRKkPkLJCw1Xs__rsE2KLo.EZUcFjpMlbwsfFTvVUwPquJwzoa7SVhvBAGEEW3vyMw&dib_tag=se&keywords=jab%C3%B3n%2Bs%C3%B3lido%2Bhombre&qid=1744062046&sr=8-119,"4,0 de 5 estrellas",,"13,90 €","4/8/2025, 05:40:55"
jabón sólido hombre,B0DZNWRGLR,"Jabón de barra de gris, barra de cabello de 3 pcs, 55 g de jabón negro para ingredientes naturales champú mujeres y hombres refrescan el cuero cabelludo ＆ restaurar brillante",https://www.amazon.es//ingredientes-naturales-refrescan-cabelludo-restaurar/dp/B0DZNWRGLR/ref=sr_1_121?dib=eyJ2IjoiMSJ9.z04KrrITTGtMm-FTL7ObtKpmdKis_yDUl-md51YLIXF42-FLvBi0N1pIiwrTF2GRWeofrUa4Ez1hoEjsWEugdNc8VXAcnNWSoxRVaEqnlUpLuNNBhDqlKLAbp9bQZyNzBEdda2ZpoqoCl1fdf_xQCKG35YpuRfTBEU2jbvx5XhmUHg6nlWKaZYkWBPNtPPx8dDBJxqMwqz1e6fV4kSaD9W45w_3RTY2uXgTYHkPcURL-efi4e9bA1Y9FFAmv5M11p3SnURExqTh9vVrIOe4PBJRKkPkLJCw1Xs__rsE2KLo.EZUcFjpMlbwsfFTvVUwPquJwzoa7SVhvBAGEEW3vyMw&dib_tag=se&keywords=jab%C3%B3n%2Bs%C3%B3lido%2Bhombre&qid=1744062046&sr=8-121,,,"12,89 €","4/8/2025, 05:40:55"
jabón sólido hombre,B00S1K9Q9W,Triderm-Sap Mars Pane 100G,https://www.amazon.es//Bionike-Triderm-Sap-Mars-Pane-100G/dp/B00S1K9Q9W/ref=sr_1_122?dib=eyJ2IjoiMSJ9.z04KrrITTGtMm-FTL7ObtKpmdKis_yDUl-md51YLIXF42-FLvBi0N1pIiwrTF2GRWeofrUa4Ez1hoEjsWEugdNc8VXAcnNWSoxRVaEqnlUpLuNNBhDqlKLAbp9bQZyNzBEdda2ZpoqoCl1fdf_xQCKG35YpuRfTBEU2jbvx5XhmUHg6nlWKaZYkWBPNtPPx8dDBJxqMwqz1e6fV4kSaD9W45w_3RTY2uXgTYHkPcURL-efi4e9bA1Y9FFAmv5M11p3SnURExqTh9vVrIOe4PBJRKkPkLJCw1Xs__rsE2KLo.EZUcFjpMlbwsfFTvVUwPquJwzoa7SVhvBAGEEW3vyMw&dib_tag=se&keywords=jab%C3%B3n%2Bs%C3%B3lido%2Bhombre&qid=1744062046&sr=8-122,"4,6 de 5 estrellas",,"6,16 €","4/8/2025, 05:40:55"
jabón sólido hombre,B07842NSB9,"Jabón de aceite de oliva natural Nablus Soap, variedad: granada, hecho a mano y sin aceite de palma, bio 100g.",https://www.amazon.es//Nablus-Soap-oliven%C3%B6lseife-Antienvejecimiento-palm%C3%B6lfrei/dp/B07842NSB9/ref=sr_1_123?dib=eyJ2IjoiMSJ9.z04KrrITTGtMm-FTL7ObtKpmdKis_yDUl-md51YLIXF42-FLvBi0N1pIiwrTF2GRWeofrUa4Ez1hoEjsWEugdNc8VXAcnNWSoxRVaEqnlUpLuNNBhDqlKLAbp9bQZyNzBEdda2ZpoqoCl1fdf_xQCKG35YpuRfTBEU2jbvx5XhmUHg6nlWKaZYkWBPNtPPx8dDBJxqMwqz1e6fV4kSaD9W45w_3RTY2uXgTYHkPcURL-efi4e9bA1Y9FFAmv5M11p3SnURExqTh9vVrIOe4PBJRKkPkLJCw1Xs__rsE2KLo.EZUcFjpMlbwsfFTvVUwPquJwzoa7SVhvBAGEEW3vyMw&dib_tag=se&keywords=jab%C3%B3n%2Bs%C3%B3lido%2Bhombre&qid=1744062046&sr=8-123,"5,0 de 5 estrellas",,"5,90 €","4/8/2025, 05:40:55"
jabón sólido hombre,B0D2TMRPP4,"Huamengyuan Jabón de leche de cabra, jabón natural como gel de ducha sólido y champú sólido, orgánico, natural, vegano, tradicional, hecho a mano, anticaspa, pérdida de cabello sin productos químicos",https://www.amazon.es//Huamengyuan-org%C3%A1nico-tradicional-anticaspa-productos/dp/B0D2TMRPP4/ref=sr_1_124?dib=eyJ2IjoiMSJ9.z04KrrITTGtMm-FTL7ObtKpmdKis_yDUl-md51YLIXF42-FLvBi0N1pIiwrTF2GRWeofrUa4Ez1hoEjsWEugdNc8VXAcnNWSoxRVaEqnlUpLuNNBhDqlKLAbp9bQZyNzBEdda2ZpoqoCl1fdf_xQCKG35YpuRfTBEU2jbvx5XhmUHg6nlWKaZYkWBPNtPPx8dDBJxqMwqz1e6fV4kSaD9W45w_3RTY2uXgTYHkPcURL-efi4e9bA1Y9FFAmv5M11p3SnURExqTh9vVrIOe4PBJRKkPkLJCw1Xs__rsE2KLo.EZUcFjpMlbwsfFTvVUwPquJwzoa7SVhvBAGEEW3vyMw&dib_tag=se&keywords=jab%C3%B3n%2Bs%C3%B3lido%2Bhombre&qid=1744062046&sr=8-124,,,"10,22 €","4/8/2025, 05:40:55"
jabón sólido hombre,B0992B6KDQ,"Jabón Natural en Bolsa de Tela Kraft. Originales jabones para bodas, bautizos. comuniones, fiestas, eventos. (20)",https://www.amazon.es//Natural-Originales-bautizos-comuniones-eventos/dp/B0992B6KDQ/ref=sr_1_125?dib=eyJ2IjoiMSJ9.z04KrrITTGtMm-FTL7ObtKpmdKis_yDUl-md51YLIXF42-FLvBi0N1pIiwrTF2GRWeofrUa4Ez1hoEjsWEugdNc8VXAcnNWSoxRVaEqnlUpLuNNBhDqlKLAbp9bQZyNzBEdda2ZpoqoCl1fdf_xQCKG35YpuRfTBEU2jbvx5XhmUHg6nlWKaZYkWBPNtPPx8dDBJxqMwqz1e6fV4kSaD9W45w_3RTY2uXgTYHkPcURL-efi4e9bA1Y9FFAmv5M11p3SnURExqTh9vVrIOe4PBJRKkPkLJCw1Xs__rsE2KLo.EZUcFjpMlbwsfFTvVUwPquJwzoa7SVhvBAGEEW3vyMw&dib_tag=se&keywords=jab%C3%B3n%2Bs%C3%B3lido%2Bhombre&qid=1744062046&sr=8-125,"5,0 de 5 estrellas",,"39,40 €","4/8/2025, 05:40:55"
jabón sólido hombre,B0BZQ7KY8P,Decolores - Limpiador Facial Sólido - Para Piel Seca - 80 g - Pastilla - 100% Natural - Limpia e Hidrata la Piel - Syndet - Sin Jabón - Ecológico,https://www.amazon.es//Decolores-Limpiador-Pastilla-Natural-Ecol%C3%B3gico/dp/B0BZQ7KY8P/ref=sr_1_126?dib=eyJ2IjoiMSJ9.z04KrrITTGtMm-FTL7ObtKpmdKis_yDUl-md51YLIXF42-FLvBi0N1pIiwrTF2GRWeofrUa4Ez1hoEjsWEugdNc8VXAcnNWSoxRVaEqnlUpLuNNBhDqlKLAbp9bQZyNzBEdda2ZpoqoCl1fdf_xQCKG35YpuRfTBEU2jbvx5XhmUHg6nlWKaZYkWBPNtPPx8dDBJxqMwqz1e6fV4kSaD9W45w_3RTY2uXgTYHkPcURL-efi4e9bA1Y9FFAmv5M11p3SnURExqTh9vVrIOe4PBJRKkPkLJCw1Xs__rsE2KLo.EZUcFjpMlbwsfFTvVUwPquJwzoa7SVhvBAGEEW3vyMw&dib_tag=se&keywords=jab%C3%B3n%2Bs%C3%B3lido%2Bhombre&qid=1744062046&sr=8-126,"5,0 de 5 estrellas",,"13,95 €","4/8/2025, 05:40:55"
jabón sólido hombre,B0DKXP5XJL,"Jabón Negro Marruecos con Argán y Rosa,Exfoliante Corporal de Marruecos,Barra de Jabón Negro Africano,Suavizante Piel Peeling Corpora,para Hombre y Mujer,Hidratante y Blanqueamiento,200g",https://www.amazon.es//Marruecos-Exfoliante-Suavizante-Hidratante-Blanqueamiento/dp/B0DKXP5XJL/ref=sr_1_127?dib=eyJ2IjoiMSJ9.z04KrrITTGtMm-FTL7ObtKpmdKis_yDUl-md51YLIXF42-FLvBi0N1pIiwrTF2GRWeofrUa4Ez1hoEjsWEugdNc8VXAcnNWSoxRVaEqnlUpLuNNBhDqlKLAbp9bQZyNzBEdda2ZpoqoCl1fdf_xQCKG35YpuRfTBEU2jbvx5XhmUHg6nlWKaZYkWBPNtPPx8dDBJxqMwqz1e6fV4kSaD9W45w_3RTY2uXgTYHkPcURL-efi4e9bA1Y9FFAmv5M11p3SnURExqTh9vVrIOe4PBJRKkPkLJCw1Xs__rsE2KLo.EZUcFjpMlbwsfFTvVUwPquJwzoa7SVhvBAGEEW3vyMw&dib_tag=se&keywords=jab%C3%B3n%2Bs%C3%B3lido%2Bhombre&qid=1744062046&sr=8-127,,,"9,99 €","4/8/2025, 05:40:56"
jabón sólido hombre,B08VHS3J57,"Nivea MagicBar Limpiador facial refrescante (75 g), limpiador facial para una sensación agradable y suave, cosmética natural certificada con aceite de almendra y arándanos",https://www.amazon.es//NIVEA-MagicBar-Limpiador-refrescante-certificada/dp/B08VHS3J57/ref=sr_1_128?dib=eyJ2IjoiMSJ9.z04KrrITTGtMm-FTL7ObtKpmdKis_yDUl-md51YLIXF42-FLvBi0N1pIiwrTF2GRWeofrUa4Ez1hoEjsWEugdNc8VXAcnNWSoxRVaEqnlUpLuNNBhDqlKLAbp9bQZyNzBEdda2ZpoqoCl1fdf_xQCKG35YpuRfTBEU2jbvx5XhmUHg6nlWKaZYkWBPNtPPx8dDBJxqMwqz1e6fV4kSaD9W45w_3RTY2uXgTYHkPcURL-efi4e9bA1Y9FFAmv5M11p3SnURExqTh9vVrIOe4PBJRKkPkLJCw1Xs__rsE2KLo.EZUcFjpMlbwsfFTvVUwPquJwzoa7SVhvBAGEEW3vyMw&dib_tag=se&keywords=jab%C3%B3n%2Bs%C3%B3lido%2Bhombre&qid=1744062046&sr=8-128,"4,3 de 5 estrellas",,"13,99 €","4/8/2025, 05:40:56"
jabón sólido hombre,B0DF57KTDX,"Jabón Facial Cúrcuma,Barra De Jabón De Cúrcuma Para Manchas Oscuras Con Ácido Kójico,Cara Naturales 2PC",https://www.amazon.es//C%C3%BArcuma-Manchas-Naturales-Artesanal-Esencial/dp/B0DF57KTDX/ref=sr_1_129?dib=eyJ2IjoiMSJ9.z04KrrITTGtMm-FTL7ObtKpmdKis_yDUl-md51YLIXF42-FLvBi0N1pIiwrTF2GRWeofrUa4Ez1hoEjsWEugdNc8VXAcnNWSoxRVaEqnlUpLuNNBhDqlKLAbp9bQZyNzBEdda2ZpoqoCl1fdf_xQCKG35YpuRfTBEU2jbvx5XhmUHg6nlWKaZYkWBPNtPPx8dDBJxqMwqz1e6fV4kSaD9W45w_3RTY2uXgTYHkPcURL-efi4e9bA1Y9FFAmv5M11p3SnURExqTh9vVrIOe4PBJRKkPkLJCw1Xs__rsE2KLo.EZUcFjpMlbwsfFTvVUwPquJwzoa7SVhvBAGEEW3vyMw&dib_tag=se&keywords=jab%C3%B3n%2Bs%C3%B3lido%2Bhombre&qid=1744062046&sr=8-129,,,"9,99 €","4/8/2025, 05:40:56"
jabón sólido hombre,B09QMTGDYL,CRIGEMA - Jabón en la sal del Himalaya - aprox. 200 g - 100 % puro y natural,https://www.amazon.es//CRIGEMA-Jab%C3%B3n-Himalaya-aprox-natural/dp/B09QMTGDYL/ref=sr_1_130?dib=eyJ2IjoiMSJ9.z04KrrITTGtMm-FTL7ObtKpmdKis_yDUl-md51YLIXF42-FLvBi0N1pIiwrTF2GRWeofrUa4Ez1hoEjsWEugdNc8VXAcnNWSoxRVaEqnlUpLuNNBhDqlKLAbp9bQZyNzBEdda2ZpoqoCl1fdf_xQCKG35YpuRfTBEU2jbvx5XhmUHg6nlWKaZYkWBPNtPPx8dDBJxqMwqz1e6fV4kSaD9W45w_3RTY2uXgTYHkPcURL-efi4e9bA1Y9FFAmv5M11p3SnURExqTh9vVrIOe4PBJRKkPkLJCw1Xs__rsE2KLo.EZUcFjpMlbwsfFTvVUwPquJwzoa7SVhvBAGEEW3vyMw&dib_tag=se&keywords=jab%C3%B3n%2Bs%C3%B3lido%2Bhombre&qid=1744062046&sr=8-130,"3,7 de 5 estrellas",,"12,34 €","4/8/2025, 05:40:56"
jabón sólido hombre,B0DF57RJ8M,"Jabón Facial Cúrcuma,Jabón de Cara Naturales,Barra de Jabón Cúrcuma,Jabón de Cúrcuma Facial,Barra De Jabón De Cúrcuma Para Manchas Oscuras,Jabón Natural Turmerico Brillante con Una Red Espumosa",https://www.amazon.es//C%C3%BArcuma-Naturales-Turmerico-Brillante-Espumosa/dp/B0DF57RJ8M/ref=sr_1_131?dib=eyJ2IjoiMSJ9.z04KrrITTGtMm-FTL7ObtKpmdKis_yDUl-md51YLIXF42-FLvBi0N1pIiwrTF2GRWeofrUa4Ez1hoEjsWEugdNc8VXAcnNWSoxRVaEqnlUpLuNNBhDqlKLAbp9bQZyNzBEdda2ZpoqoCl1fdf_xQCKG35YpuRfTBEU2jbvx5XhmUHg6nlWKaZYkWBPNtPPx8dDBJxqMwqz1e6fV4kSaD9W45w_3RTY2uXgTYHkPcURL-efi4e9bA1Y9FFAmv5M11p3SnURExqTh9vVrIOe4PBJRKkPkLJCw1Xs__rsE2KLo.EZUcFjpMlbwsfFTvVUwPquJwzoa7SVhvBAGEEW3vyMw&dib_tag=se&keywords=jab%C3%B3n%2Bs%C3%B3lido%2Bhombre&qid=1744062046&sr=8-131,,,"9,99 €","4/8/2025, 05:40:56"
jabón sólido hombre,B0BMBBJJRX,Lourdes Moreno I Aceite Limpiador Facial I Aceite Desmaquillante Facial Diario Para Todo Tipo De Pieles | Balsamo Desmaquillador Facial I Skincare | Aceite De Limpieza Facial | Face Wash | 100 Ml |,https://www.amazon.es//Lourdes-Limpiador-Limpieza-Perfecta-Skincare/dp/B0BMBBJJRX/ref=sr_1_132?dib=eyJ2IjoiMSJ9.z04KrrITTGtMm-FTL7ObtKpmdKis_yDUl-md51YLIXF42-FLvBi0N1pIiwrTF2GRWeofrUa4Ez1hoEjsWEugdNc8VXAcnNWSoxRVaEqnlUpLuNNBhDqlKLAbp9bQZyNzBEdda2ZpoqoCl1fdf_xQCKG35YpuRfTBEU2jbvx5XhmUHg6nlWKaZYkWBPNtPPx8dDBJxqMwqz1e6fV4kSaD9W45w_3RTY2uXgTYHkPcURL-efi4e9bA1Y9FFAmv5M11p3SnURExqTh9vVrIOe4PBJRKkPkLJCw1Xs__rsE2KLo.EZUcFjpMlbwsfFTvVUwPquJwzoa7SVhvBAGEEW3vyMw&dib_tag=se&keywords=jab%C3%B3n%2Bs%C3%B3lido%2Bhombre&qid=1744062046&sr=8-132,"4,4 de 5 estrellas",,"21,99 €","4/8/2025, 05:40:56"
jabón sólido hombre,B01DVWZVN4,"Homo Naturals Spray Tónico facial hombre + After Shave - Pulverizador revitalizante facial - Limpiador facial calmante para piel grasa, mixta o sensible - 100 ml",https://www.amazon.es//Homo-Naturals-Splash-Revitalizante-Facial/dp/B01DVWZVN4/ref=sr_1_133?dib=eyJ2IjoiMSJ9.z04KrrITTGtMm-FTL7ObtKpmdKis_yDUl-md51YLIXF42-FLvBi0N1pIiwrTF2GRWeofrUa4Ez1hoEjsWEugdNc8VXAcnNWSoxRVaEqnlUpLuNNBhDqlKLAbp9bQZyNzBEdda2ZpoqoCl1fdf_xQCKG35YpuRfTBEU2jbvx5XhmUHg6nlWKaZYkWBPNtPPx8dDBJxqMwqz1e6fV4kSaD9W45w_3RTY2uXgTYHkPcURL-efi4e9bA1Y9FFAmv5M11p3SnURExqTh9vVrIOe4PBJRKkPkLJCw1Xs__rsE2KLo.EZUcFjpMlbwsfFTvVUwPquJwzoa7SVhvBAGEEW3vyMw&dib_tag=se&keywords=jab%C3%B3n%2Bs%C3%B3lido%2Bhombre&qid=1744062046&sr=8-133,"5,0 de 5 estrellas",,"19,90 €","4/8/2025, 05:40:56"
jabón sólido hombre,B0D8V3GFM1,"KOSEI | Espuma Limpiadora Facial | Limpiador Facial | Limpieza Profunda, Hidratación y Suavidad | Desmaquillante Facial en Mousse | Sin Jabón, Sin Alcohol, Sin Siliconas y Vegano | 150 ml",https://www.amazon.es//Limpiadora-Limpiador-Hidrataci%C3%B3n-Desmaquillante-Siliconas/dp/B0D8V3GFM1/ref=sr_1_134?dib=eyJ2IjoiMSJ9.z04KrrITTGtMm-FTL7ObtKpmdKis_yDUl-md51YLIXF42-FLvBi0N1pIiwrTF2GRWeofrUa4Ez1hoEjsWEugdNc8VXAcnNWSoxRVaEqnlUpLuNNBhDqlKLAbp9bQZyNzBEdda2ZpoqoCl1fdf_xQCKG35YpuRfTBEU2jbvx5XhmUHg6nlWKaZYkWBPNtPPx8dDBJxqMwqz1e6fV4kSaD9W45w_3RTY2uXgTYHkPcURL-efi4e9bA1Y9FFAmv5M11p3SnURExqTh9vVrIOe4PBJRKkPkLJCw1Xs__rsE2KLo.EZUcFjpMlbwsfFTvVUwPquJwzoa7SVhvBAGEEW3vyMw&dib_tag=se&keywords=jab%C3%B3n%2Bs%C3%B3lido%2Bhombre&qid=1744062046&sr=8-134,"4,7 de 5 estrellas",,"19,90 €","4/8/2025, 05:40:56"
jabón sólido hombre,B0CT8M1YBB,LIDKOR Bio Jabón Negro con Carbon Activado 100g - Limpiador Facial anti Puntos Negros - Exfoliante Facial para Piel Grasa - Gel de Ducha Duro con Aceite de Oliva & Ricino - Jabon de Manos – Vegano,https://www.amazon.es//LIDKOR-Jab%C3%B3n-Negro-Carbon-Activado/dp/B0CT8M1YBB/ref=sr_1_135?dib=eyJ2IjoiMSJ9.z04KrrITTGtMm-FTL7ObtKpmdKis_yDUl-md51YLIXF42-FLvBi0N1pIiwrTF2GRWeofrUa4Ez1hoEjsWEugdNc8VXAcnNWSoxRVaEqnlUpLuNNBhDqlKLAbp9bQZyNzBEdda2ZpoqoCl1fdf_xQCKG35YpuRfTBEU2jbvx5XhmUHg6nlWKaZYkWBPNtPPx8dDBJxqMwqz1e6fV4kSaD9W45w_3RTY2uXgTYHkPcURL-efi4e9bA1Y9FFAmv5M11p3SnURExqTh9vVrIOe4PBJRKkPkLJCw1Xs__rsE2KLo.EZUcFjpMlbwsfFTvVUwPquJwzoa7SVhvBAGEEW3vyMw&dib_tag=se&keywords=jab%C3%B3n%2Bs%C3%B3lido%2Bhombre&qid=1744062046&sr=8-135,"4,0 de 5 estrellas",,"9,99 €","4/8/2025, 05:40:56"
jabón sólido hombre,B0DPKLZD5L,"Jabón para la piel, jabón hidratante para hombres y mujeres, 200 g, HtY814 (amarillo, 12 cm)",https://www.amazon.es//hidratante-hombres-mujeres-HtY814-amarillo/dp/B0DPKLZD5L/ref=sr_1_136?dib=eyJ2IjoiMSJ9.z04KrrITTGtMm-FTL7ObtKpmdKis_yDUl-md51YLIXF42-FLvBi0N1pIiwrTF2GRWeofrUa4Ez1hoEjsWEugdNc8VXAcnNWSoxRVaEqnlUpLuNNBhDqlKLAbp9bQZyNzBEdda2ZpoqoCl1fdf_xQCKG35YpuRfTBEU2jbvx5XhmUHg6nlWKaZYkWBPNtPPx8dDBJxqMwqz1e6fV4kSaD9W45w_3RTY2uXgTYHkPcURL-efi4e9bA1Y9FFAmv5M11p3SnURExqTh9vVrIOe4PBJRKkPkLJCw1Xs__rsE2KLo.EZUcFjpMlbwsfFTvVUwPquJwzoa7SVhvBAGEEW3vyMw&dib_tag=se&keywords=jab%C3%B3n%2Bs%C3%B3lido%2Bhombre&qid=1744062046&sr=8-136,,,"21,40 €","4/8/2025, 05:40:56"
jabón sólido hombre,B0BYH2LDS3,3ina Makeup - The Blue Cleanser - Limpiador Facial con 2% Niacinamida + 1% Pantenol - Gel Limpiador Facial para Equilibra la Producción de Sebo y Protege la Barrera de la Piel - Vegan - Cruelty Free,https://www.amazon.es//3ina-Makeup-Limpiador-Niacinamida-Producci%C3%B3n/dp/B0BYH2LDS3/ref=sr_1_137?dib=eyJ2IjoiMSJ9.z04KrrITTGtMm-FTL7ObtKpmdKis_yDUl-md51YLIXF42-FLvBi0N1pIiwrTF2GRWeofrUa4Ez1hoEjsWEugdNc8VXAcnNWSoxRVaEqnlUpLuNNBhDqlKLAbp9bQZyNzBEdda2ZpoqoCl1fdf_xQCKG35YpuRfTBEU2jbvx5XhmUHg6nlWKaZYkWBPNtPPx8dDBJxqMwqz1e6fV4kSaD9W45w_3RTY2uXgTYHkPcURL-efi4e9bA1Y9FFAmv5M11p3SnURExqTh9vVrIOe4PBJRKkPkLJCw1Xs__rsE2KLo.EZUcFjpMlbwsfFTvVUwPquJwzoa7SVhvBAGEEW3vyMw&dib_tag=se&keywords=jab%C3%B3n%2Bs%C3%B3lido%2Bhombre&qid=1744062046&sr=8-137,"3,2 de 5 estrellas",,"17,19 €","4/8/2025, 05:40:57"
jabón sólido hombre,B0B7XTPXGZ,"Hansen Hanf Jabón de ducha y manos con aceite de cáñamo, vegano y natural, hecho a mano, 110 g",https://www.amazon.es//Hansen-Hanf-aceite-c%C3%A1%C3%B1amo-natural/dp/B0B7XTPXGZ/ref=sr_1_138?dib=eyJ2IjoiMSJ9.z04KrrITTGtMm-FTL7ObtKpmdKis_yDUl-md51YLIXF42-FLvBi0N1pIiwrTF2GRWeofrUa4Ez1hoEjsWEugdNc8VXAcnNWSoxRVaEqnlUpLuNNBhDqlKLAbp9bQZyNzBEdda2ZpoqoCl1fdf_xQCKG35YpuRfTBEU2jbvx5XhmUHg6nlWKaZYkWBPNtPPx8dDBJxqMwqz1e6fV4kSaD9W45w_3RTY2uXgTYHkPcURL-efi4e9bA1Y9FFAmv5M11p3SnURExqTh9vVrIOe4PBJRKkPkLJCw1Xs__rsE2KLo.EZUcFjpMlbwsfFTvVUwPquJwzoa7SVhvBAGEEW3vyMw&dib_tag=se&keywords=jab%C3%B3n%2Bs%C3%B3lido%2Bhombre&qid=1744062046&sr=8-138,,,"21,90 €","4/8/2025, 05:40:57"
jabón sólido hombre,B0CZH5ZK88,TOVINANNA Champú Sólido Hidratante De Jabón Artesanal De 3 Piezas Control De Limpieza Profunda,https://www.amazon.es//Pastilla-Jabones-Artesanales-Hidratante-Esencial/dp/B0CZH5ZK88/ref=sr_1_139?dib=eyJ2IjoiMSJ9.z04KrrITTGtMm-FTL7ObtKpmdKis_yDUl-md51YLIXF42-FLvBi0N1pIiwrTF2GRWeofrUa4Ez1hoEjsWEugdNc8VXAcnNWSoxRVaEqnlUpLuNNBhDqlKLAbp9bQZyNzBEdda2ZpoqoCl1fdf_xQCKG35YpuRfTBEU2jbvx5XhmUHg6nlWKaZYkWBPNtPPx8dDBJxqMwqz1e6fV4kSaD9W45w_3RTY2uXgTYHkPcURL-efi4e9bA1Y9FFAmv5M11p3SnURExqTh9vVrIOe4PBJRKkPkLJCw1Xs__rsE2KLo.EZUcFjpMlbwsfFTvVUwPquJwzoa7SVhvBAGEEW3vyMw&dib_tag=se&keywords=jab%C3%B3n%2Bs%C3%B3lido%2Bhombre&qid=1744062046&sr=8-139,,,"17,59 €","4/8/2025, 05:40:57"
jabón sólido hombre,B0D1CXHQQT,Didiseaon 3 Piezas removedor de olores para cocinar jabón metálico cebolla aparato de cocina jabón de ajo desodorante eliminador de olores absorbente de olores Acero inoxidable lavado a mano,https://www.amazon.es//Didiseaon-desodorante-eliminador-absorbente-inoxidable/dp/B0D1CXHQQT/ref=sr_1_140?dib=eyJ2IjoiMSJ9.z04KrrITTGtMm-FTL7ObtKpmdKis_yDUl-md51YLIXF42-FLvBi0N1pIiwrTF2GRWeofrUa4Ez1hoEjsWEugdNc8VXAcnNWSoxRVaEqnlUpLuNNBhDqlKLAbp9bQZyNzBEdda2ZpoqoCl1fdf_xQCKG35YpuRfTBEU2jbvx5XhmUHg6nlWKaZYkWBPNtPPx8dDBJxqMwqz1e6fV4kSaD9W45w_3RTY2uXgTYHkPcURL-efi4e9bA1Y9FFAmv5M11p3SnURExqTh9vVrIOe4PBJRKkPkLJCw1Xs__rsE2KLo.EZUcFjpMlbwsfFTvVUwPquJwzoa7SVhvBAGEEW3vyMw&dib_tag=se&keywords=jab%C3%B3n%2Bs%C3%B3lido%2Bhombre&qid=1744062046&sr=8-140,,,"19,99 €","4/8/2025, 05:40:57"
jabón sólido hombre,B0CW3JKF7L,"BELLA AURORA - Bclean Gel Micelar 3 en 1 200 ml, para Piel Sensible, Limpia y Desmaquilla la Piel, para Rostro, Ojos y Labios, Anti-manchas, Calma y Refresca, Textura Gel Ultraligera y Acuosa",https://www.amazon.es//BELLA-AURORA-Desmaquilla-Anti-manchas-Ultraligera/dp/B0CW3JKF7L/ref=sr_1_141?dib=eyJ2IjoiMSJ9.z04KrrITTGtMm-FTL7ObtKpmdKis_yDUl-md51YLIXF42-FLvBi0N1pIiwrTF2GRWeofrUa4Ez1hoEjsWEugdNc8VXAcnNWSoxRVaEqnlUpLuNNBhDqlKLAbp9bQZyNzBEdda2ZpoqoCl1fdf_xQCKG35YpuRfTBEU2jbvx5XhmUHg6nlWKaZYkWBPNtPPx8dDBJxqMwqz1e6fV4kSaD9W45w_3RTY2uXgTYHkPcURL-efi4e9bA1Y9FFAmv5M11p3SnURExqTh9vVrIOe4PBJRKkPkLJCw1Xs__rsE2KLo.EZUcFjpMlbwsfFTvVUwPquJwzoa7SVhvBAGEEW3vyMw&dib_tag=se&keywords=jab%C3%B3n%2Bs%C3%B3lido%2Bhombre&qid=1744062046&sr=8-141,"4,2 de 5 estrellas",,"10,80 €","4/8/2025, 05:40:57"
jabón sólido hombre,B0CGWM74PP,2 Piezas Jabon Facial Limpiador Jabón De Papaya Barra De Jabón Kit De Jabón Hecho a Mano Hidratante Jabón De Cara,https://www.amazon.es//Piezas-Facial-Limpiador-Papaya-Hidratante/dp/B0CGWM74PP/ref=sr_1_142?dib=eyJ2IjoiMSJ9.z04KrrITTGtMm-FTL7ObtKpmdKis_yDUl-md51YLIXF42-FLvBi0N1pIiwrTF2GRWeofrUa4Ez1hoEjsWEugdNc8VXAcnNWSoxRVaEqnlUpLuNNBhDqlKLAbp9bQZyNzBEdda2ZpoqoCl1fdf_xQCKG35YpuRfTBEU2jbvx5XhmUHg6nlWKaZYkWBPNtPPx8dDBJxqMwqz1e6fV4kSaD9W45w_3RTY2uXgTYHkPcURL-efi4e9bA1Y9FFAmv5M11p3SnURExqTh9vVrIOe4PBJRKkPkLJCw1Xs__rsE2KLo.EZUcFjpMlbwsfFTvVUwPquJwzoa7SVhvBAGEEW3vyMw&dib_tag=se&keywords=jab%C3%B3n%2Bs%C3%B3lido%2Bhombre&qid=1744062046&sr=8-142,,,"20,09 €","4/8/2025, 05:40:57"
jabón sólido hombre,B0CF1YNLM8,"CLOUDEMO 2/3/5PCS Jaysuing Black Hair Soap, Jaysuing Black Soap, Grey Gone Soap, Grey Gone Soap, Hair Darking Soap, Black Covering Soap para Hombres Mujeres (3pcs)",https://www.amazon.es//Jaysuing-Darking-Covering-Hombres-Mujeres/dp/B0CF1YNLM8/ref=sr_1_143?dib=eyJ2IjoiMSJ9.z04KrrITTGtMm-FTL7ObtKpmdKis_yDUl-md51YLIXF42-FLvBi0N1pIiwrTF2GRWeofrUa4Ez1hoEjsWEugdNc8VXAcnNWSoxRVaEqnlUpLuNNBhDqlKLAbp9bQZyNzBEdda2ZpoqoCl1fdf_xQCKG35YpuRfTBEU2jbvx5XhmUHg6nlWKaZYkWBPNtPPx8dDBJxqMwqz1e6fV4kSaD9W45w_3RTY2uXgTYHkPcURL-efi4e9bA1Y9FFAmv5M11p3SnURExqTh9vVrIOe4PBJRKkPkLJCw1Xs__rsE2KLo.EZUcFjpMlbwsfFTvVUwPquJwzoa7SVhvBAGEEW3vyMw&dib_tag=se&keywords=jab%C3%B3n%2Bs%C3%B3lido%2Bhombre&qid=1744062046&sr=8-143,"2,5 de 5 estrellas",,"12,96 €","4/8/2025, 05:40:57"
jabón sólido hombre,B0798TGLSB,"bleu & marine BRETANIA - Limpiador Facial de Hamamelis | Ideal para Piel Grasa, Mixta, Acné | Reduce Poros, Elimina Maquillaje | Versátil en Cuidado Diario | Producto Natural y Orgánico, 500 ml",https://www.amazon.es//bleu-marine-BRETANIA-Limpiador-Maquillaje/dp/B0798TGLSB/ref=sr_1_144?dib=eyJ2IjoiMSJ9.z04KrrITTGtMm-FTL7ObtKpmdKis_yDUl-md51YLIXF42-FLvBi0N1pIiwrTF2GRWeofrUa4Ez1hoEjsWEugdNc8VXAcnNWSoxRVaEqnlUpLuNNBhDqlKLAbp9bQZyNzBEdda2ZpoqoCl1fdf_xQCKG35YpuRfTBEU2jbvx5XhmUHg6nlWKaZYkWBPNtPPx8dDBJxqMwqz1e6fV4kSaD9W45w_3RTY2uXgTYHkPcURL-efi4e9bA1Y9FFAmv5M11p3SnURExqTh9vVrIOe4PBJRKkPkLJCw1Xs__rsE2KLo.EZUcFjpMlbwsfFTvVUwPquJwzoa7SVhvBAGEEW3vyMw&dib_tag=se&keywords=jab%C3%B3n%2Bs%C3%B3lido%2Bhombre&qid=1744062046&sr=8-144,"3,7 de 5 estrellas",,"19,99 €","4/8/2025, 05:40:57"
jabón sólido hombre,B0CFBC9KJF,"RITUALS Caja de regalo Homme, Small – Set de baño para hombre con productos para el cuidado de la piel con bambú, menta y madera de cedro – Propiedades estimulantes",https://www.amazon.es//sspa/click?ie=UTF8&spc=MToyMDE5MTI3MTUzNTk1MDYwOjE3NDQwNjIwNTg6c3BfYXRmX25leHQ6MzAwNDU3OTM4NTk1NDMyOjowOjo&url=%2FRITUALS-Cofre-regalo-Homme-estimulantes%2Fdp%2FB0CFBC9KJF%2Fref%3Dsr_1_145_sspa%3Fdib%3DeyJ2IjoiMSJ9.OcM1pRUdzwWi_wYTUF5m0i4ufvjOkFs5pfO8shfw_2DZujuQGQFfRa5hQ5DogwsOgnkP-haEYJNsBzIOIKLJFMl4JVWbHR7ikaRNUtZNjVgU9S7qyoUoQlrgELHQc73J2ojq1CW4wikfafNRw5NtoYh-U3A2x2KYSv4AH5Y52FX9mwf21knoMp4nPh0TnOCeKVYm4cVxDyvjUxQRX8Af7VWqZ3W5KVWLXf_jnEW16tdwr9XuXkHkqnnAJgCPwkejvnj6iHmYpcsLLxw8EA_IsGJ9356BmlG60s4j4ZTMWRc.uaxvMuFHoV3Kw2r7r8iegckelm9ToJrbCQEg6Qrg9mA%26dib_tag%3Dse%26keywords%3Djab%25C3%25B3n%252Bs%25C3%25B3lido%252Bhombre%26qid%3D1744062058%26sr%3D8-145-spons%26sp_csd%3Dd2lkZ2V0TmFtZT1zcF9hdGZfbmV4dA%26psc%3D1,"4,7 de 5 estrellas",,"25,90 €","4/8/2025, 05:41:05"
jabón sólido hombre,B0DRLJ6BX7,"PLANTIFIQUE Almohadillas Exfoliantes Coreanas 60 piezas, con Acido Glicólico, CICA, AHA, BHA, PHA para Renovación Suave de la Piel - Korean Skincare Toner Pads - Envase rellenable",https://www.amazon.es//sspa/click?ie=UTF8&spc=MToyMDE5MTI3MTUzNTk1MDYwOjE3NDQwNjIwNTg6c3BfYXRmX25leHQ6MzAwNTI0MTI4Mzg3MDMyOjowOjo&url=%2FPLANTIFIQUE-Almohadillas-Exfoliantes-Glic%25C3%25B3lico-Renovaci%25C3%25B3n%2Fdp%2FB0DRLJ6BX7%2Fref%3Dsr_1_148_sspa%3Fdib%3DeyJ2IjoiMSJ9.OcM1pRUdzwWi_wYTUF5m0i4ufvjOkFs5pfO8shfw_2DZujuQGQFfRa5hQ5DogwsOgnkP-haEYJNsBzIOIKLJFMl4JVWbHR7ikaRNUtZNjVgU9S7qyoUoQlrgELHQc73J2ojq1CW4wikfafNRw5NtoYh-U3A2x2KYSv4AH5Y52FX9mwf21knoMp4nPh0TnOCeKVYm4cVxDyvjUxQRX8Af7VWqZ3W5KVWLXf_jnEW16tdwr9XuXkHkqnnAJgCPwkejvnj6iHmYpcsLLxw8EA_IsGJ9356BmlG60s4j4ZTMWRc.uaxvMuFHoV3Kw2r7r8iegckelm9ToJrbCQEg6Qrg9mA%26dib_tag%3Dse%26keywords%3Djab%25C3%25B3n%252Bs%25C3%25B3lido%252Bhombre%26qid%3D1744062058%26sr%3D8-148-spons%26sp_csd%3Dd2lkZ2V0TmFtZT1zcF9hdGZfbmV4dA%26psc%3D1,"4,7 de 5 estrellas",,"16,95 €","4/8/2025, 05:41:06"
jabón sólido hombre,B0CJXNWB4B,Beaupretty Barras de Jabón de Papaya Natural Kit de Jabón Artesanal Fórmula Iluminadora de Limpieza Profunda,https://www.amazon.es//Beaupretty-Piezas-facial-limpiador-colocar/dp/B0CJXNWB4B/ref=sr_1_149?dib=eyJ2IjoiMSJ9.OcM1pRUdzwWi_wYTUF5m0i4ufvjOkFs5pfO8shfw_2DZujuQGQFfRa5hQ5DogwsOgnkP-haEYJNsBzIOIKLJFMl4JVWbHR7ikaRNUtZNjVgU9S7qyoUoQlrgELHQc73J2ojq1CW4wikfafNRw5NtoYh-U3A2x2KYSv4AH5Y52FX9mwf21knoMp4nPh0TnOCeKVYm4cVxDyvjUxQRX8Af7VWqZ3W5KVWLXf_jnEW16tdwr9XuXkHkqnnAJgCPwkejvnj6iHmYpcsLLxw8EA_IsGJ9356BmlG60s4j4ZTMWRc.uaxvMuFHoV3Kw2r7r8iegckelm9ToJrbCQEg6Qrg9mA&dib_tag=se&keywords=jab%C3%B3n%2Bs%C3%B3lido%2Bhombre&qid=1744062058&sr=8-149,,,"19,59 €","4/8/2025, 05:41:06"
jabón sólido hombre,B08XZ522D3,Jabón Facial Mineral,https://www.amazon.es//Dead-Sea-Source-21441-Mineral/dp/B08XZ522D3/ref=sr_1_150?dib=eyJ2IjoiMSJ9.OcM1pRUdzwWi_wYTUF5m0i4ufvjOkFs5pfO8shfw_2DZujuQGQFfRa5hQ5DogwsOgnkP-haEYJNsBzIOIKLJFMl4JVWbHR7ikaRNUtZNjVgU9S7qyoUoQlrgELHQc73J2ojq1CW4wikfafNRw5NtoYh-U3A2x2KYSv4AH5Y52FX9mwf21knoMp4nPh0TnOCeKVYm4cVxDyvjUxQRX8Af7VWqZ3W5KVWLXf_jnEW16tdwr9XuXkHkqnnAJgCPwkejvnj6iHmYpcsLLxw8EA_IsGJ9356BmlG60s4j4ZTMWRc.uaxvMuFHoV3Kw2r7r8iegckelm9ToJrbCQEg6Qrg9mA&dib_tag=se&keywords=jab%C3%B3n%2Bs%C3%B3lido%2Bhombre&qid=1744062058&sr=8-150,,,"13,41 €","4/8/2025, 05:41:06"
jabón sólido hombre,B0DB7RHVQM,"Barras de jabón humectantes, jabón de carbón de carbón de 2 piezas 100 g, jabón negro de jabón de jabón, jabón para la cara y jabón para mano, barra de lavado de carrocería, barras de jabón de carroc",https://www.amazon.es//Barras-humectantes-carb%C3%B3n-piezas-carrocer%C3%ADa/dp/B0DB7RHVQM/ref=sr_1_151?dib=eyJ2IjoiMSJ9.OcM1pRUdzwWi_wYTUF5m0i4ufvjOkFs5pfO8shfw_2DZujuQGQFfRa5hQ5DogwsOgnkP-haEYJNsBzIOIKLJFMl4JVWbHR7ikaRNUtZNjVgU9S7qyoUoQlrgELHQc73J2ojq1CW4wikfafNRw5NtoYh-U3A2x2KYSv4AH5Y52FX9mwf21knoMp4nPh0TnOCeKVYm4cVxDyvjUxQRX8Af7VWqZ3W5KVWLXf_jnEW16tdwr9XuXkHkqnnAJgCPwkejvnj6iHmYpcsLLxw8EA_IsGJ9356BmlG60s4j4ZTMWRc.uaxvMuFHoV3Kw2r7r8iegckelm9ToJrbCQEg6Qrg9mA&dib_tag=se&keywords=jab%C3%B3n%2Bs%C3%B3lido%2Bhombre&qid=1744062058&sr=8-151,,,"10,79 €","4/8/2025, 05:41:06"
jabón sólido hombre,B0DX7DJ56D,Beavorty 2 Piezas jabón de aceite esencial hecho a mano jabones artesanales golpe teñido crema para manos tinte burbuja bálsamo líquido barra de jabón de manos barra de jabón para el cuerpo,https://www.amazon.es//Beavorty-esencial-jabones-artesanales-burbuja/dp/B0DX7DJ56D/ref=sr_1_152?dib=eyJ2IjoiMSJ9.OcM1pRUdzwWi_wYTUF5m0i4ufvjOkFs5pfO8shfw_2DZujuQGQFfRa5hQ5DogwsOgnkP-haEYJNsBzIOIKLJFMl4JVWbHR7ikaRNUtZNjVgU9S7qyoUoQlrgELHQc73J2ojq1CW4wikfafNRw5NtoYh-U3A2x2KYSv4AH5Y52FX9mwf21knoMp4nPh0TnOCeKVYm4cVxDyvjUxQRX8Af7VWqZ3W5KVWLXf_jnEW16tdwr9XuXkHkqnnAJgCPwkejvnj6iHmYpcsLLxw8EA_IsGJ9356BmlG60s4j4ZTMWRc.uaxvMuFHoV3Kw2r7r8iegckelm9ToJrbCQEg6Qrg9mA&dib_tag=se&keywords=jab%C3%B3n%2Bs%C3%B3lido%2Bhombre&qid=1744062058&sr=8-152,,,"17,19 €","4/8/2025, 05:41:06"
jabón sólido hombre,B08XZ78C2T,Dead Sea Source 21436 - Jabón Corporal de Sal,https://www.amazon.es//Dead-Sea-Source-21436-Corporal/dp/B08XZ78C2T/ref=sr_1_153?dib=eyJ2IjoiMSJ9.OcM1pRUdzwWi_wYTUF5m0i4ufvjOkFs5pfO8shfw_2DZujuQGQFfRa5hQ5DogwsOgnkP-haEYJNsBzIOIKLJFMl4JVWbHR7ikaRNUtZNjVgU9S7qyoUoQlrgELHQc73J2ojq1CW4wikfafNRw5NtoYh-U3A2x2KYSv4AH5Y52FX9mwf21knoMp4nPh0TnOCeKVYm4cVxDyvjUxQRX8Af7VWqZ3W5KVWLXf_jnEW16tdwr9XuXkHkqnnAJgCPwkejvnj6iHmYpcsLLxw8EA_IsGJ9356BmlG60s4j4ZTMWRc.uaxvMuFHoV3Kw2r7r8iegckelm9ToJrbCQEg6Qrg9mA&dib_tag=se&keywords=jab%C3%B3n%2Bs%C3%B3lido%2Bhombre&qid=1744062058&sr=8-153,,,"12,54 €","4/8/2025, 05:41:06"
jabón sólido hombre,B0C8HPH7V2,FOMIYES Jabón De Carbón Orgánico Jabon Organico Para Hombre Barras De Baño De Ducha Jabones Naturales Para El Cuerpo Jabones De Cera De Abejas Barra De Ducha Perder Miel Manual,https://www.amazon.es//FOMIYES-Org%C3%A1nico-Organico-Jabones-Naturales/dp/B0C8HPH7V2/ref=sr_1_154?dib=eyJ2IjoiMSJ9.OcM1pRUdzwWi_wYTUF5m0i4ufvjOkFs5pfO8shfw_2DZujuQGQFfRa5hQ5DogwsOgnkP-haEYJNsBzIOIKLJFMl4JVWbHR7ikaRNUtZNjVgU9S7qyoUoQlrgELHQc73J2ojq1CW4wikfafNRw5NtoYh-U3A2x2KYSv4AH5Y52FX9mwf21knoMp4nPh0TnOCeKVYm4cVxDyvjUxQRX8Af7VWqZ3W5KVWLXf_jnEW16tdwr9XuXkHkqnnAJgCPwkejvnj6iHmYpcsLLxw8EA_IsGJ9356BmlG60s4j4ZTMWRc.uaxvMuFHoV3Kw2r7r8iegckelm9ToJrbCQEg6Qrg9mA&dib_tag=se&keywords=jab%C3%B3n%2Bs%C3%B3lido%2Bhombre&qid=1744062058&sr=8-154,,,"14,49 €","4/8/2025, 05:41:06"
jabón sólido hombre,B0CQLFFST7,Angoily 2 Piezas Jabon Facial Limpiador Barra De Jabón Kit De Jabón Hecho a Mano Jabón De Papaya Hidratante Jabón De Cara,https://www.amazon.es//Angoily-Piezas-Facial-Limpiador-Hidratante/dp/B0CQLFFST7/ref=sr_1_155?dib=eyJ2IjoiMSJ9.OcM1pRUdzwWi_wYTUF5m0i4ufvjOkFs5pfO8shfw_2DZujuQGQFfRa5hQ5DogwsOgnkP-haEYJNsBzIOIKLJFMl4JVWbHR7ikaRNUtZNjVgU9S7qyoUoQlrgELHQc73J2ojq1CW4wikfafNRw5NtoYh-U3A2x2KYSv4AH5Y52FX9mwf21knoMp4nPh0TnOCeKVYm4cVxDyvjUxQRX8Af7VWqZ3W5KVWLXf_jnEW16tdwr9XuXkHkqnnAJgCPwkejvnj6iHmYpcsLLxw8EA_IsGJ9356BmlG60s4j4ZTMWRc.uaxvMuFHoV3Kw2r7r8iegckelm9ToJrbCQEg6Qrg9mA&dib_tag=se&keywords=jab%C3%B3n%2Bs%C3%B3lido%2Bhombre&qid=1744062058&sr=8-155,,,"19,99 €","4/8/2025, 05:41:06"
jabón sólido hombre,B0CQHR2P61,DOITOOL Kit de Jabón Artesanal con Naranja Y Papaya Barra de Jabón Hidratante para La Piel Limpieza Profunda Brillo Ingredientes Vegetales Seguros Cuidado Suave para El Rostro Y El Cuerpo,https://www.amazon.es//DOITOOL-Piezas-Facial-Limpiador-Colocar/dp/B0CQHR2P61/ref=sr_1_156?dib=eyJ2IjoiMSJ9.OcM1pRUdzwWi_wYTUF5m0i4ufvjOkFs5pfO8shfw_2DZujuQGQFfRa5hQ5DogwsOgnkP-haEYJNsBzIOIKLJFMl4JVWbHR7ikaRNUtZNjVgU9S7qyoUoQlrgELHQc73J2ojq1CW4wikfafNRw5NtoYh-U3A2x2KYSv4AH5Y52FX9mwf21knoMp4nPh0TnOCeKVYm4cVxDyvjUxQRX8Af7VWqZ3W5KVWLXf_jnEW16tdwr9XuXkHkqnnAJgCPwkejvnj6iHmYpcsLLxw8EA_IsGJ9356BmlG60s4j4ZTMWRc.uaxvMuFHoV3Kw2r7r8iegckelm9ToJrbCQEg6Qrg9mA&dib_tag=se&keywords=jab%C3%B3n%2Bs%C3%B3lido%2Bhombre&qid=1744062058&sr=8-156,,,"20,39 €","4/8/2025, 05:41:06"
jabón sólido hombre,B0DY2MC6NV,FRCOLOR jabón de afeitar Jabón hidratante Afeitar con Jabón de menta mini crema de afeitar crema de afeitar facial jabón facial hecho a mano crema de afeitar espuma pegar,https://www.amazon.es//FRCOLOR-afeitar-hidratante-Afeitar-facial/dp/B0DY2MC6NV/ref=sr_1_157?dib=eyJ2IjoiMSJ9.OcM1pRUdzwWi_wYTUF5m0i4ufvjOkFs5pfO8shfw_2DZujuQGQFfRa5hQ5DogwsOgnkP-haEYJNsBzIOIKLJFMl4JVWbHR7ikaRNUtZNjVgU9S7qyoUoQlrgELHQc73J2ojq1CW4wikfafNRw5NtoYh-U3A2x2KYSv4AH5Y52FX9mwf21knoMp4nPh0TnOCeKVYm4cVxDyvjUxQRX8Af7VWqZ3W5KVWLXf_jnEW16tdwr9XuXkHkqnnAJgCPwkejvnj6iHmYpcsLLxw8EA_IsGJ9356BmlG60s4j4ZTMWRc.uaxvMuFHoV3Kw2r7r8iegckelm9ToJrbCQEg6Qrg9mA&dib_tag=se&keywords=jab%C3%B3n%2Bs%C3%B3lido%2Bhombre&qid=1744062058&sr=8-157,,,"13,49 €","4/8/2025, 05:41:07"
jabón sólido hombre,B08XZ3258G,Dead Sea Source 21435 - Jabón Exfoliante Corporal de Barro,https://www.amazon.es//Dead-Sea-Source-21435-Exfoliante/dp/B08XZ3258G/ref=sr_1_158?dib=eyJ2IjoiMSJ9.OcM1pRUdzwWi_wYTUF5m0i4ufvjOkFs5pfO8shfw_2DZujuQGQFfRa5hQ5DogwsOgnkP-haEYJNsBzIOIKLJFMl4JVWbHR7ikaRNUtZNjVgU9S7qyoUoQlrgELHQc73J2ojq1CW4wikfafNRw5NtoYh-U3A2x2KYSv4AH5Y52FX9mwf21knoMp4nPh0TnOCeKVYm4cVxDyvjUxQRX8Af7VWqZ3W5KVWLXf_jnEW16tdwr9XuXkHkqnnAJgCPwkejvnj6iHmYpcsLLxw8EA_IsGJ9356BmlG60s4j4ZTMWRc.uaxvMuFHoV3Kw2r7r8iegckelm9ToJrbCQEg6Qrg9mA&dib_tag=se&keywords=jab%C3%B3n%2Bs%C3%B3lido%2Bhombre&qid=1744062058&sr=8-158,,,"16,69 €","4/8/2025, 05:41:07"
jabón sólido hombre,B085YBMVX1,Loelle - Jabón Negro Marroquí 100% Orgánico - Hecho con Ingredientes Naturales - Exfoliantes Corporales Hammam Negros - Gel de Ducha Exfoliante (200g),https://www.amazon.es//Loelle-Ingredientes-Exfoliantes-Corporales-Exfoliante/dp/B085YBMVX1/ref=sr_1_159?dib=eyJ2IjoiMSJ9.OcM1pRUdzwWi_wYTUF5m0i4ufvjOkFs5pfO8shfw_2DZujuQGQFfRa5hQ5DogwsOgnkP-haEYJNsBzIOIKLJFMl4JVWbHR7ikaRNUtZNjVgU9S7qyoUoQlrgELHQc73J2ojq1CW4wikfafNRw5NtoYh-U3A2x2KYSv4AH5Y52FX9mwf21knoMp4nPh0TnOCeKVYm4cVxDyvjUxQRX8Af7VWqZ3W5KVWLXf_jnEW16tdwr9XuXkHkqnnAJgCPwkejvnj6iHmYpcsLLxw8EA_IsGJ9356BmlG60s4j4ZTMWRc.uaxvMuFHoV3Kw2r7r8iegckelm9ToJrbCQEg6Qrg9mA&dib_tag=se&keywords=jab%C3%B3n%2Bs%C3%B3lido%2Bhombre&qid=1744062058&sr=8-159,"4,0 de 5 estrellas",,"15,00 €","4/8/2025, 05:41:07"
jabón sólido hombre,B07RZ1LP3J,HEY JOE! - Beard Soap on Rope | Jabon para Barba en Pastilla con Fragancia de Limón y Tomillo - Barra de Jabón 150 ml,https://www.amazon.es//sspa/click?ie=UTF8&spc=MToyMDE5MTI3MTUzNTk1MDYwOjE3NDQwNjIwNTg6c3BfbXRmOjIwMDc3OTg3Nzg2MjA2OjowOjo&url=%2FHEY-JOE-Beard-Jab%25C3%25B3n-barba%2Fdp%2FB07RZ1LP3J%2Fref%3Dsr_1_163_sspa%3Fdib%3DeyJ2IjoiMSJ9.OcM1pRUdzwWi_wYTUF5m0i4ufvjOkFs5pfO8shfw_2DZujuQGQFfRa5hQ5DogwsOgnkP-haEYJNsBzIOIKLJFMl4JVWbHR7ikaRNUtZNjVgU9S7qyoUoQlrgELHQc73J2ojq1CW4wikfafNRw5NtoYh-U3A2x2KYSv4AH5Y52FX9mwf21knoMp4nPh0TnOCeKVYm4cVxDyvjUxQRX8Af7VWqZ3W5KVWLXf_jnEW16tdwr9XuXkHkqnnAJgCPwkejvnj6iHmYpcsLLxw8EA_IsGJ9356BmlG60s4j4ZTMWRc.uaxvMuFHoV3Kw2r7r8iegckelm9ToJrbCQEg6Qrg9mA%26dib_tag%3Dse%26keywords%3Djab%25C3%25B3n%252Bs%25C3%25B3lido%252Bhombre%26qid%3D1744062058%26sr%3D8-163-spons%26sp_csd%3Dd2lkZ2V0TmFtZT1zcF9tdGY%26psc%3D1,"4,6 de 5 estrellas",,"19,50 €","4/8/2025, 05:41:07"
jabón sólido hombre,B0CHNBKKWQ,Beaupretty Jabón Sólido Humectante Artesanal Con Control De Grasa Para Limpieza Profunda,https://www.amazon.es//Beaupretty-hidratante-artesanales-pastilla-esencial/dp/B0CHNBKKWQ/ref=sr_1_164?dib=eyJ2IjoiMSJ9.OcM1pRUdzwWi_wYTUF5m0i4ufvjOkFs5pfO8shfw_2DZujuQGQFfRa5hQ5DogwsOgnkP-haEYJNsBzIOIKLJFMl4JVWbHR7ikaRNUtZNjVgU9S7qyoUoQlrgELHQc73J2ojq1CW4wikfafNRw5NtoYh-U3A2x2KYSv4AH5Y52FX9mwf21knoMp4nPh0TnOCeKVYm4cVxDyvjUxQRX8Af7VWqZ3W5KVWLXf_jnEW16tdwr9XuXkHkqnnAJgCPwkejvnj6iHmYpcsLLxw8EA_IsGJ9356BmlG60s4j4ZTMWRc.uaxvMuFHoV3Kw2r7r8iegckelm9ToJrbCQEg6Qrg9mA&dib_tag=se&keywords=jab%C3%B3n%2Bs%C3%B3lido%2Bhombre&qid=1744062058&sr=8-164,,,"12,19 €","4/8/2025, 05:41:07"
jabón sólido hombre,B0CSRZJFJF,"Jabon De Baño, Gel De Ducha Sólido, Jabón De Baño Hidratante, Jabón Limpiador Corporal, Jabón Barra Natural Para Todo Tipo De Piel, Piel Suave, Ilumina Y Blanquea El Cuerpo (Vainilla)",https://www.amazon.es//Hidratante-Limpiador-Corporal-Blanquea-Vainilla/dp/B0CSRZJFJF/ref=sr_1_165?dib=eyJ2IjoiMSJ9.OcM1pRUdzwWi_wYTUF5m0i4ufvjOkFs5pfO8shfw_2DZujuQGQFfRa5hQ5DogwsOgnkP-haEYJNsBzIOIKLJFMl4JVWbHR7ikaRNUtZNjVgU9S7qyoUoQlrgELHQc73J2ojq1CW4wikfafNRw5NtoYh-U3A2x2KYSv4AH5Y52FX9mwf21knoMp4nPh0TnOCeKVYm4cVxDyvjUxQRX8Af7VWqZ3W5KVWLXf_jnEW16tdwr9XuXkHkqnnAJgCPwkejvnj6iHmYpcsLLxw8EA_IsGJ9356BmlG60s4j4ZTMWRc.uaxvMuFHoV3Kw2r7r8iegckelm9ToJrbCQEg6Qrg9mA&dib_tag=se&keywords=jab%C3%B3n%2Bs%C3%B3lido%2Bhombre&qid=1744062058&sr=8-165,,,"5,99 €","4/8/2025, 05:41:07"
jabón sólido hombre,B0CTTCKPGY,"Jabón Natural de Cúrcuma, Jabón Facial 100g Para Piel Sensible, Jabón Natural, Jabón Orgánico Hecho Mano",https://www.amazon.es//Natural-C%C3%BArcuma-Facial-Sensible-Org%C3%A1nico/dp/B0CTTCKPGY/ref=sr_1_166?dib=eyJ2IjoiMSJ9.OcM1pRUdzwWi_wYTUF5m0i4ufvjOkFs5pfO8shfw_2DZujuQGQFfRa5hQ5DogwsOgnkP-haEYJNsBzIOIKLJFMl4JVWbHR7ikaRNUtZNjVgU9S7qyoUoQlrgELHQc73J2ojq1CW4wikfafNRw5NtoYh-U3A2x2KYSv4AH5Y52FX9mwf21knoMp4nPh0TnOCeKVYm4cVxDyvjUxQRX8Af7VWqZ3W5KVWLXf_jnEW16tdwr9XuXkHkqnnAJgCPwkejvnj6iHmYpcsLLxw8EA_IsGJ9356BmlG60s4j4ZTMWRc.uaxvMuFHoV3Kw2r7r8iegckelm9ToJrbCQEg6Qrg9mA&dib_tag=se&keywords=jab%C3%B3n%2Bs%C3%B3lido%2Bhombre&qid=1744062058&sr=8-166,"5,0 de 5 estrellas",,"8,59 €","4/8/2025, 05:41:08"
jabón sólido hombre,B0D21KZPMZ,Healeved 5 Uds Bolsa De Jabón De Lino Bolsa De Jabón De Limpieza Bolsa De Malla De Jabón Red De De Limpieza Bolsa De Red De Jabón Exfoliante Bolsas De Red De Jabón Soporte De,https://www.amazon.es//Healeved-Limpieza-Exfoliante-Bolsas-Soporte/dp/B0D21KZPMZ/ref=sr_1_167?dib=eyJ2IjoiMSJ9.OcM1pRUdzwWi_wYTUF5m0i4ufvjOkFs5pfO8shfw_2DZujuQGQFfRa5hQ5DogwsOgnkP-haEYJNsBzIOIKLJFMl4JVWbHR7ikaRNUtZNjVgU9S7qyoUoQlrgELHQc73J2ojq1CW4wikfafNRw5NtoYh-U3A2x2KYSv4AH5Y52FX9mwf21knoMp4nPh0TnOCeKVYm4cVxDyvjUxQRX8Af7VWqZ3W5KVWLXf_jnEW16tdwr9XuXkHkqnnAJgCPwkejvnj6iHmYpcsLLxw8EA_IsGJ9356BmlG60s4j4ZTMWRc.uaxvMuFHoV3Kw2r7r8iegckelm9ToJrbCQEg6Qrg9mA&dib_tag=se&keywords=jab%C3%B3n%2Bs%C3%B3lido%2Bhombre&qid=1744062058&sr=8-167,,,"14,99 €","4/8/2025, 05:41:08"
jabón sólido hombre,B0C39YLK2V,"Bath Soap, Jabón Barra, Tratamiento Exfoliante Corporal Barra de Jabón Facial, Jabón Natural de Carbón Activo, Jabón de Baño de Carbón de Bambú, Lucha Contra el Acné, Piel Suavizante, Antimanchas",https://www.amazon.es//Tratamiento-Exfoliante-Corporal-Suavizante-Antimanchas/dp/B0C39YLK2V/ref=sr_1_169?dib=eyJ2IjoiMSJ9.OcM1pRUdzwWi_wYTUF5m0i4ufvjOkFs5pfO8shfw_2DZujuQGQFfRa5hQ5DogwsOgnkP-haEYJNsBzIOIKLJFMl4JVWbHR7ikaRNUtZNjVgU9S7qyoUoQlrgELHQc73J2ojq1CW4wikfafNRw5NtoYh-U3A2x2KYSv4AH5Y52FX9mwf21knoMp4nPh0TnOCeKVYm4cVxDyvjUxQRX8Af7VWqZ3W5KVWLXf_jnEW16tdwr9XuXkHkqnnAJgCPwkejvnj6iHmYpcsLLxw8EA_IsGJ9356BmlG60s4j4ZTMWRc.uaxvMuFHoV3Kw2r7r8iegckelm9ToJrbCQEg6Qrg9mA&dib_tag=se&keywords=jab%C3%B3n%2Bs%C3%B3lido%2Bhombre&qid=1744062058&sr=8-169,,,"15,99 €","4/8/2025, 05:41:08"
jabón sólido hombre,B0D4J7B9TJ,Nybhyjka Jabón Corporal De Cúrcuma Jabón De Cúrcuma Para La Cara Jabón Facial Y Corporal De Cúrcuma Jabon De Cara De Curcuma Natural Barra De Jabón De Ácido Kójico De Cúrcuma Y Limón,https://www.amazon.es//Nybhyjka-Corporal-C%C3%BArcuma-Curcuma-Natural/dp/B0D4J7B9TJ/ref=sr_1_170?dib=eyJ2IjoiMSJ9.OcM1pRUdzwWi_wYTUF5m0i4ufvjOkFs5pfO8shfw_2DZujuQGQFfRa5hQ5DogwsOgnkP-haEYJNsBzIOIKLJFMl4JVWbHR7ikaRNUtZNjVgU9S7qyoUoQlrgELHQc73J2ojq1CW4wikfafNRw5NtoYh-U3A2x2KYSv4AH5Y52FX9mwf21knoMp4nPh0TnOCeKVYm4cVxDyvjUxQRX8Af7VWqZ3W5KVWLXf_jnEW16tdwr9XuXkHkqnnAJgCPwkejvnj6iHmYpcsLLxw8EA_IsGJ9356BmlG60s4j4ZTMWRc.uaxvMuFHoV3Kw2r7r8iegckelm9ToJrbCQEg6Qrg9mA&dib_tag=se&keywords=jab%C3%B3n%2Bs%C3%B3lido%2Bhombre&qid=1744062058&sr=8-170,"4,2 de 5 estrellas",,"4,49 €","4/8/2025, 05:41:08"
jabón sólido hombre,B0CQHZWM2D,FRCOLOR 2 Piezas Jabones Jabón Absorbente De Olores Eliminador De Olores Removedor De Olores Para Cocinar Desodorante Acero Inoxidable,https://www.amazon.es//FRCOLOR-Absorbente-Eliminador-Desodorante-Inoxidable/dp/B0CQHZWM2D/ref=sr_1_171?dib=eyJ2IjoiMSJ9.OcM1pRUdzwWi_wYTUF5m0i4ufvjOkFs5pfO8shfw_2DZujuQGQFfRa5hQ5DogwsOgnkP-haEYJNsBzIOIKLJFMl4JVWbHR7ikaRNUtZNjVgU9S7qyoUoQlrgELHQc73J2ojq1CW4wikfafNRw5NtoYh-U3A2x2KYSv4AH5Y52FX9mwf21knoMp4nPh0TnOCeKVYm4cVxDyvjUxQRX8Af7VWqZ3W5KVWLXf_jnEW16tdwr9XuXkHkqnnAJgCPwkejvnj6iHmYpcsLLxw8EA_IsGJ9356BmlG60s4j4ZTMWRc.uaxvMuFHoV3Kw2r7r8iegckelm9ToJrbCQEg6Qrg9mA&dib_tag=se&keywords=jab%C3%B3n%2Bs%C3%B3lido%2Bhombre&qid=1744062058&sr=8-171,,,"15,29 €","4/8/2025, 05:41:08"
jabón sólido hombre,B0CN1Q9LXF,POPETPOP 7 Piezas De De Jabón Espumoso De Ducha Red De Burbujas Puff De Ducha De Ahorro De Jabón Esponjas De Baño Para Ducha Hombre Tina Tómate Un Baño Red Pe,https://www.amazon.es//POPETPOP-Piezas-Espumoso-Burbujas-Esponjas/dp/B0CN1Q9LXF/ref=sr_1_172?dib=eyJ2IjoiMSJ9.OcM1pRUdzwWi_wYTUF5m0i4ufvjOkFs5pfO8shfw_2DZujuQGQFfRa5hQ5DogwsOgnkP-haEYJNsBzIOIKLJFMl4JVWbHR7ikaRNUtZNjVgU9S7qyoUoQlrgELHQc73J2ojq1CW4wikfafNRw5NtoYh-U3A2x2KYSv4AH5Y52FX9mwf21knoMp4nPh0TnOCeKVYm4cVxDyvjUxQRX8Af7VWqZ3W5KVWLXf_jnEW16tdwr9XuXkHkqnnAJgCPwkejvnj6iHmYpcsLLxw8EA_IsGJ9356BmlG60s4j4ZTMWRc.uaxvMuFHoV3Kw2r7r8iegckelm9ToJrbCQEg6Qrg9mA&dib_tag=se&keywords=jab%C3%B3n%2Bs%C3%B3lido%2Bhombre&qid=1744062058&sr=8-172,,,"8,89 €","4/8/2025, 05:41:08"
jabón sólido hombre,B0DSX49CNV,Didiseaon Barra De Papaya De Nutrición Profunda: Cuidado Hidratante Exfoliante Limpiador Suave Antienvejecimiento Juego De 2 Piezas De Naranja,https://www.amazon.es//Didiseaon-Barra-Papaya-Nutrici%C3%B3n-Profunda/dp/B0DSX49CNV/ref=sr_1_174?dib=eyJ2IjoiMSJ9.OcM1pRUdzwWi_wYTUF5m0i4ufvjOkFs5pfO8shfw_2DZujuQGQFfRa5hQ5DogwsOgnkP-haEYJNsBzIOIKLJFMl4JVWbHR7ikaRNUtZNjVgU9S7qyoUoQlrgELHQc73J2ojq1CW4wikfafNRw5NtoYh-U3A2x2KYSv4AH5Y52FX9mwf21knoMp4nPh0TnOCeKVYm4cVxDyvjUxQRX8Af7VWqZ3W5KVWLXf_jnEW16tdwr9XuXkHkqnnAJgCPwkejvnj6iHmYpcsLLxw8EA_IsGJ9356BmlG60s4j4ZTMWRc.uaxvMuFHoV3Kw2r7r8iegckelm9ToJrbCQEg6Qrg9mA&dib_tag=se&keywords=jab%C3%B3n%2Bs%C3%B3lido%2Bhombre&qid=1744062058&sr=8-174,,,"18,59 €","4/8/2025, 05:41:08"
jabón sólido hombre,B0DY6S43B7,OSOLADY Jabón De Afeitar Infusor De Té Inoxidable Accesorios Para El Cabello Accesorios De Temperamento Sopladora Crema De Afeitar Sensible Cuchara Estilo Pastoral Pegar,https://www.amazon.es//OSOLADY-Inoxidable-Accesorios-Temperamento-Sopladora/dp/B0DY6S43B7/ref=sr_1_175?dib=eyJ2IjoiMSJ9.OcM1pRUdzwWi_wYTUF5m0i4ufvjOkFs5pfO8shfw_2DZujuQGQFfRa5hQ5DogwsOgnkP-haEYJNsBzIOIKLJFMl4JVWbHR7ikaRNUtZNjVgU9S7qyoUoQlrgELHQc73J2ojq1CW4wikfafNRw5NtoYh-U3A2x2KYSv4AH5Y52FX9mwf21knoMp4nPh0TnOCeKVYm4cVxDyvjUxQRX8Af7VWqZ3W5KVWLXf_jnEW16tdwr9XuXkHkqnnAJgCPwkejvnj6iHmYpcsLLxw8EA_IsGJ9356BmlG60s4j4ZTMWRc.uaxvMuFHoV3Kw2r7r8iegckelm9ToJrbCQEg6Qrg9mA&dib_tag=se&keywords=jab%C3%B3n%2Bs%C3%B3lido%2Bhombre&qid=1744062058&sr=8-175,,,"14,39 €","4/8/2025, 05:41:08"
jabón sólido hombre,B07QVYD5ZM,"- Mascarilla de jabón NATUYO Cicatrizante de PEREJIL.- Elimina Granos, Acne, Infecciones o Problemas de la piel. Protector, prevención de Manchas oscuras, Limpieza profunda. No contiene químicos.",https://www.amazon.es//Mascarilla-NATUYO-Cicatrizante-Infecciones-prevenci%C3%B3n/dp/B07QVYD5ZM/ref=sr_1_176?dib=eyJ2IjoiMSJ9.OcM1pRUdzwWi_wYTUF5m0i4ufvjOkFs5pfO8shfw_2DZujuQGQFfRa5hQ5DogwsOgnkP-haEYJNsBzIOIKLJFMl4JVWbHR7ikaRNUtZNjVgU9S7qyoUoQlrgELHQc73J2ojq1CW4wikfafNRw5NtoYh-U3A2x2KYSv4AH5Y52FX9mwf21knoMp4nPh0TnOCeKVYm4cVxDyvjUxQRX8Af7VWqZ3W5KVWLXf_jnEW16tdwr9XuXkHkqnnAJgCPwkejvnj6iHmYpcsLLxw8EA_IsGJ9356BmlG60s4j4ZTMWRc.uaxvMuFHoV3Kw2r7r8iegckelm9ToJrbCQEg6Qrg9mA&dib_tag=se&keywords=jab%C3%B3n%2Bs%C3%B3lido%2Bhombre&qid=1744062058&sr=8-176,"4,6 de 5 estrellas",,"14,50 €","4/8/2025, 05:41:09"
jabón sólido hombre,B0B8X4DQDH,"IDIKÖ Champú Anticaída Hombre y Mujer 250ml, Estimula el Crecimiento del Cabello, Shampoo Anticaída para el Pelo, Normaliza el Ciclo de Crecimiento Capilar, Champú Profesional de Peluquería",https://www.amazon.es//sspa/click?ie=UTF8&spc=MToyMDE5MTI3MTUzNTk1MDYwOjE3NDQwNjIwNTg6c3BfbXRmOjMwMDUxODIzNTI2OTYzMjo6MDo6&url=%2FIDIK%25C3%2596-Anticaida-Fortalecedor-Antica%25C3%25ADda-RescueHAIR%2Fdp%2FB0B8X4DQDH%2Fref%3Dsr_1_177_sspa%3Fdib%3DeyJ2IjoiMSJ9.OcM1pRUdzwWi_wYTUF5m0i4ufvjOkFs5pfO8shfw_2DZujuQGQFfRa5hQ5DogwsOgnkP-haEYJNsBzIOIKLJFMl4JVWbHR7ikaRNUtZNjVgU9S7qyoUoQlrgELHQc73J2ojq1CW4wikfafNRw5NtoYh-U3A2x2KYSv4AH5Y52FX9mwf21knoMp4nPh0TnOCeKVYm4cVxDyvjUxQRX8Af7VWqZ3W5KVWLXf_jnEW16tdwr9XuXkHkqnnAJgCPwkejvnj6iHmYpcsLLxw8EA_IsGJ9356BmlG60s4j4ZTMWRc.uaxvMuFHoV3Kw2r7r8iegckelm9ToJrbCQEg6Qrg9mA%26dib_tag%3Dse%26keywords%3Djab%25C3%25B3n%252Bs%25C3%25B3lido%252Bhombre%26qid%3D1744062058%26sr%3D8-177-spons%26sp_csd%3Dd2lkZ2V0TmFtZT1zcF9tdGY%26psc%3D1,"5,0 de 5 estrellas",,"21,50 €","4/8/2025, 05:41:09"
jabón sólido hombre,B0C27XSVLV,"Tazón De Jabón De Afeitar, Tazón De Jabón De Afeitar Para Hombres, Azul Oscuro, Boca Ancha, Fácil De Enjabonar, Taza De Crema De Espuma De Afeitar De Gran Capacidad Con Tapa",https://www.amazon.es//Fyearfly-Afeitar-Hombres-Enjabonar-Capacidad/dp/B0C27XSVLV/ref=sr_1_181?dib=eyJ2IjoiMSJ9.OcM1pRUdzwWi_wYTUF5m0i4ufvjOkFs5pfO8shfw_2DZujuQGQFfRa5hQ5DogwsOgnkP-haEYJNsBzIOIKLJFMl4JVWbHR7ikaRNUtZNjVgU9S7qyoUoQlrgELHQc73J2ojq1CW4wikfafNRw5NtoYh-U3A2x2KYSv4AH5Y52FX9mwf21knoMp4nPh0TnOCeKVYm4cVxDyvjUxQRX8Af7VWqZ3W5KVWLXf_jnEW16tdwr9XuXkHkqnnAJgCPwkejvnj6iHmYpcsLLxw8EA_IsGJ9356BmlG60s4j4ZTMWRc.uaxvMuFHoV3Kw2r7r8iegckelm9ToJrbCQEg6Qrg9mA&dib_tag=se&keywords=jab%C3%B3n%2Bs%C3%B3lido%2Bhombre&qid=1744062058&sr=8-181,,,"13,59 €","4/8/2025, 05:41:09"
jabón sólido hombre,B0CSS43J87,"Jabon De Baño, Gel De Ducha Sólido, Jabón De Baño Hidratante, Jabón Limpiador Corporal, Jabón Barra Natural Para Todo Tipo De Piel, Piel Suave, Ilumina Y Blanquea El Cuerpo (Miel De Lavanda)",https://www.amazon.es//Hidratante-Limpiador-Corporal-Natural-Blanquea/dp/B0CSS43J87/ref=sr_1_183?dib=eyJ2IjoiMSJ9.OcM1pRUdzwWi_wYTUF5m0i4ufvjOkFs5pfO8shfw_2DZujuQGQFfRa5hQ5DogwsOgnkP-haEYJNsBzIOIKLJFMl4JVWbHR7ikaRNUtZNjVgU9S7qyoUoQlrgELHQc73J2ojq1CW4wikfafNRw5NtoYh-U3A2x2KYSv4AH5Y52FX9mwf21knoMp4nPh0TnOCeKVYm4cVxDyvjUxQRX8Af7VWqZ3W5KVWLXf_jnEW16tdwr9XuXkHkqnnAJgCPwkejvnj6iHmYpcsLLxw8EA_IsGJ9356BmlG60s4j4ZTMWRc.uaxvMuFHoV3Kw2r7r8iegckelm9ToJrbCQEg6Qrg9mA&dib_tag=se&keywords=jab%C3%B3n%2Bs%C3%B3lido%2Bhombre&qid=1744062058&sr=8-183,,,"5,99 €","4/8/2025, 05:41:09"
jabón sólido hombre,B0CSS6XZ9J,"Jabon De Baño, Gel De Ducha Sólido, Jabón De Baño Hidratante, Jabón Limpiador Corporal, Jabón Barra Natural Para Todo Tipo De Piel, Piel Suave, Ilumina Y Blanquea El Cuerpo (Rosa)",https://www.amazon.es//Hidratante-Limpiador-Corporal-Natural-Blanquea/dp/B0CSS6XZ9J/ref=sr_1_184?dib=eyJ2IjoiMSJ9.OcM1pRUdzwWi_wYTUF5m0i4ufvjOkFs5pfO8shfw_2DZujuQGQFfRa5hQ5DogwsOgnkP-haEYJNsBzIOIKLJFMl4JVWbHR7ikaRNUtZNjVgU9S7qyoUoQlrgELHQc73J2ojq1CW4wikfafNRw5NtoYh-U3A2x2KYSv4AH5Y52FX9mwf21knoMp4nPh0TnOCeKVYm4cVxDyvjUxQRX8Af7VWqZ3W5KVWLXf_jnEW16tdwr9XuXkHkqnnAJgCPwkejvnj6iHmYpcsLLxw8EA_IsGJ9356BmlG60s4j4ZTMWRc.uaxvMuFHoV3Kw2r7r8iegckelm9ToJrbCQEg6Qrg9mA&dib_tag=se&keywords=jab%C3%B3n%2Bs%C3%B3lido%2Bhombre&qid=1744062058&sr=8-184,,,"5,99 €","4/8/2025, 05:41:09"
jabón sólido hombre,B085YC8JVS,Loelle - Polvo de Arcilla Rhassoul - Jabón Ghassoul para Mascarilla Facial Purificante - Arcillas Marroquíes para Cabello Graso - Cosmética Natural - Hecho en Marruecos (220g),https://www.amazon.es//Loelle-Mascarilla-Purificante-Marroqu%C3%ADes-Cosm%C3%A9tica/dp/B085YC8JVS/ref=sr_1_185?dib=eyJ2IjoiMSJ9.OcM1pRUdzwWi_wYTUF5m0i4ufvjOkFs5pfO8shfw_2DZujuQGQFfRa5hQ5DogwsOgnkP-haEYJNsBzIOIKLJFMl4JVWbHR7ikaRNUtZNjVgU9S7qyoUoQlrgELHQc73J2ojq1CW4wikfafNRw5NtoYh-U3A2x2KYSv4AH5Y52FX9mwf21knoMp4nPh0TnOCeKVYm4cVxDyvjUxQRX8Af7VWqZ3W5KVWLXf_jnEW16tdwr9XuXkHkqnnAJgCPwkejvnj6iHmYpcsLLxw8EA_IsGJ9356BmlG60s4j4ZTMWRc.uaxvMuFHoV3Kw2r7r8iegckelm9ToJrbCQEg6Qrg9mA&dib_tag=se&keywords=jab%C3%B3n%2Bs%C3%B3lido%2Bhombre&qid=1744062058&sr=8-185,"4,4 de 5 estrellas",,"13,99 €","4/8/2025, 05:41:09"
jabón sólido hombre,B0CK6B3SS3,Beaupretty 40 Piezas De Jabón Facial Jabón Facial Jabón De Limpieza Jabón Exfoliante Bolsillo Fabricante De Burbujas De Jabón Red De Espuma Bolsa De Espuma Bolsa De Malla De Burbujas Red De,https://www.amazon.es//Beaupretty-esponjas-jabonosas-jabonosa-exfoliante/dp/B0CK6B3SS3/ref=sr_1_186?dib=eyJ2IjoiMSJ9.OcM1pRUdzwWi_wYTUF5m0i4ufvjOkFs5pfO8shfw_2DZujuQGQFfRa5hQ5DogwsOgnkP-haEYJNsBzIOIKLJFMl4JVWbHR7ikaRNUtZNjVgU9S7qyoUoQlrgELHQc73J2ojq1CW4wikfafNRw5NtoYh-U3A2x2KYSv4AH5Y52FX9mwf21knoMp4nPh0TnOCeKVYm4cVxDyvjUxQRX8Af7VWqZ3W5KVWLXf_jnEW16tdwr9XuXkHkqnnAJgCPwkejvnj6iHmYpcsLLxw8EA_IsGJ9356BmlG60s4j4ZTMWRc.uaxvMuFHoV3Kw2r7r8iegckelm9ToJrbCQEg6Qrg9mA&dib_tag=se&keywords=jab%C3%B3n%2Bs%C3%B3lido%2Bhombre&qid=1744062058&sr=8-186,,,"12,89 €","4/8/2025, 05:41:10"
jabón sólido hombre,B0CZ9PBJ7X,Healeved Jabón Facial con Aceites Naturales Jabón Limpiador Artesanal A44z Limpiador Facial para Hombres Y Mujeres,https://www.amazon.es//Healeved-naturales-esencial-vacaciones-limpiador/dp/B0CZ9PBJ7X/ref=sr_1_187?dib=eyJ2IjoiMSJ9.OcM1pRUdzwWi_wYTUF5m0i4ufvjOkFs5pfO8shfw_2DZujuQGQFfRa5hQ5DogwsOgnkP-haEYJNsBzIOIKLJFMl4JVWbHR7ikaRNUtZNjVgU9S7qyoUoQlrgELHQc73J2ojq1CW4wikfafNRw5NtoYh-U3A2x2KYSv4AH5Y52FX9mwf21knoMp4nPh0TnOCeKVYm4cVxDyvjUxQRX8Af7VWqZ3W5KVWLXf_jnEW16tdwr9XuXkHkqnnAJgCPwkejvnj6iHmYpcsLLxw8EA_IsGJ9356BmlG60s4j4ZTMWRc.uaxvMuFHoV3Kw2r7r8iegckelm9ToJrbCQEg6Qrg9mA&dib_tag=se&keywords=jab%C3%B3n%2Bs%C3%B3lido%2Bhombre&qid=1744062058&sr=8-187,,,"7,79 €","4/8/2025, 05:41:10"
jabón sólido hombre,B0C5JCP9MG,Jabón | Jabón natural para hombre y mujer | aceites esenciales naturales hechos mano jabón corporal hidratante jabón facial baño listo para regalar Fulenyi,https://www.amazon.es//esenciales-naturales-corporal-hidratante-Fulenyi/dp/B0C5JCP9MG/ref=sr_1_188?dib=eyJ2IjoiMSJ9.OcM1pRUdzwWi_wYTUF5m0i4ufvjOkFs5pfO8shfw_2DZujuQGQFfRa5hQ5DogwsOgnkP-haEYJNsBzIOIKLJFMl4JVWbHR7ikaRNUtZNjVgU9S7qyoUoQlrgELHQc73J2ojq1CW4wikfafNRw5NtoYh-U3A2x2KYSv4AH5Y52FX9mwf21knoMp4nPh0TnOCeKVYm4cVxDyvjUxQRX8Af7VWqZ3W5KVWLXf_jnEW16tdwr9XuXkHkqnnAJgCPwkejvnj6iHmYpcsLLxw8EA_IsGJ9356BmlG60s4j4ZTMWRc.uaxvMuFHoV3Kw2r7r8iegckelm9ToJrbCQEg6Qrg9mA&dib_tag=se&keywords=jab%C3%B3n%2Bs%C3%B3lido%2Bhombre&qid=1744062058&sr=8-188,,,"4,79 €","4/8/2025, 05:41:10"
jabón sólido hombre,B08LMQFRW3,"Grace & Stella Limpiador Facial Galardonado para Piel Sensible - Espuma Vegana, Hidratante y Desmaquillante - Ideal para Piel Seca [60 ml]",https://www.amazon.es//Stella-Limpiador-Facial-Galardonado-Sensible/dp/B08LMQFRW3/ref=sr_1_189?dib=eyJ2IjoiMSJ9.OcM1pRUdzwWi_wYTUF5m0i4ufvjOkFs5pfO8shfw_2DZujuQGQFfRa5hQ5DogwsOgnkP-haEYJNsBzIOIKLJFMl4JVWbHR7ikaRNUtZNjVgU9S7qyoUoQlrgELHQc73J2ojq1CW4wikfafNRw5NtoYh-U3A2x2KYSv4AH5Y52FX9mwf21knoMp4nPh0TnOCeKVYm4cVxDyvjUxQRX8Af7VWqZ3W5KVWLXf_jnEW16tdwr9XuXkHkqnnAJgCPwkejvnj6iHmYpcsLLxw8EA_IsGJ9356BmlG60s4j4ZTMWRc.uaxvMuFHoV3Kw2r7r8iegckelm9ToJrbCQEg6Qrg9mA&dib_tag=se&keywords=jab%C3%B3n%2Bs%C3%B3lido%2Bhombre&qid=1744062058&sr=8-189,"4,2 de 5 estrellas",,"9,95 €","4/8/2025, 05:41:10"
jabón sólido hombre,B0DTP5NYTT,Didiseaon removedor de olores para cocinar Crema depilatoria quitamanchas dispensadores de jabón humanos simples desodorante eliminador de olores jabón de acero inoxidable Silver,https://www.amazon.es//Didiseaon-depilatoria-quitamanchas-dispensadores-desodorante/dp/B0DTP5NYTT/ref=sr_1_190?dib=eyJ2IjoiMSJ9.OcM1pRUdzwWi_wYTUF5m0i4ufvjOkFs5pfO8shfw_2DZujuQGQFfRa5hQ5DogwsOgnkP-haEYJNsBzIOIKLJFMl4JVWbHR7ikaRNUtZNjVgU9S7qyoUoQlrgELHQc73J2ojq1CW4wikfafNRw5NtoYh-U3A2x2KYSv4AH5Y52FX9mwf21knoMp4nPh0TnOCeKVYm4cVxDyvjUxQRX8Af7VWqZ3W5KVWLXf_jnEW16tdwr9XuXkHkqnnAJgCPwkejvnj6iHmYpcsLLxw8EA_IsGJ9356BmlG60s4j4ZTMWRc.uaxvMuFHoV3Kw2r7r8iegckelm9ToJrbCQEg6Qrg9mA&dib_tag=se&keywords=jab%C3%B3n%2Bs%C3%B3lido%2Bhombre&qid=1744062058&sr=8-190,,,"9,19 €","4/8/2025, 05:41:10"
jabón sólido hombre,B0CDXRV54P,LALAFINA 40 Piezas Bolsa De Jabón Red De Jabón Bolsa De Red De Espuma Bolsa De Jabón Para La Ducha Bolsas De Jabón De Malla Exfoliante Red De Espuma De Jabón Rostro Nylon Viajar Soporte,https://www.amazon.es//LALAFINA-Piezas-Espuma-Soporte-Cuerpo/dp/B0CDXRV54P/ref=sr_1_193?dib=eyJ2IjoiMSJ9.OcM1pRUdzwWi_wYTUF5m0i4ufvjOkFs5pfO8shfw_2DZujuQGQFfRa5hQ5DogwsOgnkP-haEYJNsBzIOIKLJFMl4JVWbHR7ikaRNUtZNjVgU9S7qyoUoQlrgELHQc73J2ojq1CW4wikfafNRw5NtoYh-U3A2x2KYSv4AH5Y52FX9mwf21knoMp4nPh0TnOCeKVYm4cVxDyvjUxQRX8Af7VWqZ3W5KVWLXf_jnEW16tdwr9XuXkHkqnnAJgCPwkejvnj6iHmYpcsLLxw8EA_IsGJ9356BmlG60s4j4ZTMWRc.uaxvMuFHoV3Kw2r7r8iegckelm9ToJrbCQEg6Qrg9mA&dib_tag=se&keywords=jab%C3%B3n%2Bs%C3%B3lido%2Bhombre&qid=1744062058&sr=8-193,,,"8,59 €","4/8/2025, 05:41:10"
jabón sólido hombre,B0DYN567XQ,"Jabón negro africano, jabón de manteca de karité, jabón hidratante para rostro y cuerpo, limpieza profunda, refinamiento de la piel radiante, negro africano 5 para 4 (negro, talla única)",https://www.amazon.es//africano-hidratante-limpieza-profunda-refinamiento/dp/B0DYN567XQ/ref=sr_1_194?dib=eyJ2IjoiMSJ9.OcM1pRUdzwWi_wYTUF5m0i4ufvjOkFs5pfO8shfw_2DZujuQGQFfRa5hQ5DogwsOgnkP-haEYJNsBzIOIKLJFMl4JVWbHR7ikaRNUtZNjVgU9S7qyoUoQlrgELHQc73J2ojq1CW4wikfafNRw5NtoYh-U3A2x2KYSv4AH5Y52FX9mwf21knoMp4nPh0TnOCeKVYm4cVxDyvjUxQRX8Af7VWqZ3W5KVWLXf_jnEW16tdwr9XuXkHkqnnAJgCPwkejvnj6iHmYpcsLLxw8EA_IsGJ9356BmlG60s4j4ZTMWRc.uaxvMuFHoV3Kw2r7r8iegckelm9ToJrbCQEg6Qrg9mA&dib_tag=se&keywords=jab%C3%B3n%2Bs%C3%B3lido%2Bhombre&qid=1744062058&sr=8-194,,,"7,65 €","4/8/2025, 05:41:10"
jabón sólido hombre,B0DWJ1K9VZ,Healvian jabon para el cuerpo hair gloss hair care champú jabón prevenir aceitoso jabones para mujer jabones para el cabello jabones de baño hechos a mano caja de aluminio Coffee,https://www.amazon.es//Healvian-prevenir-aceitoso-jabones-aluminio/dp/B0DWJ1K9VZ/ref=sr_1_195?dib=eyJ2IjoiMSJ9.OcM1pRUdzwWi_wYTUF5m0i4ufvjOkFs5pfO8shfw_2DZujuQGQFfRa5hQ5DogwsOgnkP-haEYJNsBzIOIKLJFMl4JVWbHR7ikaRNUtZNjVgU9S7qyoUoQlrgELHQc73J2ojq1CW4wikfafNRw5NtoYh-U3A2x2KYSv4AH5Y52FX9mwf21knoMp4nPh0TnOCeKVYm4cVxDyvjUxQRX8Af7VWqZ3W5KVWLXf_jnEW16tdwr9XuXkHkqnnAJgCPwkejvnj6iHmYpcsLLxw8EA_IsGJ9356BmlG60s4j4ZTMWRc.uaxvMuFHoV3Kw2r7r8iegckelm9ToJrbCQEg6Qrg9mA&dib_tag=se&keywords=jab%C3%B3n%2Bs%C3%B3lido%2Bhombre&qid=1744062058&sr=8-195,,,"8,19 €","4/8/2025, 05:41:11"
jabón sólido hombre,B0DZVNK4T1,Healeved Jabon Para El Cuerpo Prevenir Jabón Aceitoso Champú De Paloma Champú y Acondicionador De Viaje Cabello Cabello Jabones Naturales Para Mujeres Barra De Jabón Coffee Caja De Aluminio,https://www.amazon.es//Healeved-Prevenir-Aceitoso-Acondicionador-Naturales/dp/B0DZVNK4T1/ref=sr_1_196?dib=eyJ2IjoiMSJ9.OcM1pRUdzwWi_wYTUF5m0i4ufvjOkFs5pfO8shfw_2DZujuQGQFfRa5hQ5DogwsOgnkP-haEYJNsBzIOIKLJFMl4JVWbHR7ikaRNUtZNjVgU9S7qyoUoQlrgELHQc73J2ojq1CW4wikfafNRw5NtoYh-U3A2x2KYSv4AH5Y52FX9mwf21knoMp4nPh0TnOCeKVYm4cVxDyvjUxQRX8Af7VWqZ3W5KVWLXf_jnEW16tdwr9XuXkHkqnnAJgCPwkejvnj6iHmYpcsLLxw8EA_IsGJ9356BmlG60s4j4ZTMWRc.uaxvMuFHoV3Kw2r7r8iegckelm9ToJrbCQEg6Qrg9mA&dib_tag=se&keywords=jab%C3%B3n%2Bs%C3%B3lido%2Bhombre&qid=1744062058&sr=8-196,,,"8,19 €","4/8/2025, 05:41:11"
jabón sólido hombre,B06XX3N88G,"Limpiador Facial Hombre y Mujer. Agua de Geranio Desmaquillante para Piel Grasa, Madura, Normal y con Imperfecciones. Tonico Purificante Antiedad - 1000 ml 1 L",https://www.amazon.es//Limpiador-Desmaquillante-Imperfecciones-Purificante-Antiedad/dp/B06XX3N88G/ref=sr_1_197?dib=eyJ2IjoiMSJ9.OcM1pRUdzwWi_wYTUF5m0i4ufvjOkFs5pfO8shfw_2DZujuQGQFfRa5hQ5DogwsOgnkP-haEYJNsBzIOIKLJFMl4JVWbHR7ikaRNUtZNjVgU9S7qyoUoQlrgELHQc73J2ojq1CW4wikfafNRw5NtoYh-U3A2x2KYSv4AH5Y52FX9mwf21knoMp4nPh0TnOCeKVYm4cVxDyvjUxQRX8Af7VWqZ3W5KVWLXf_jnEW16tdwr9XuXkHkqnnAJgCPwkejvnj6iHmYpcsLLxw8EA_IsGJ9356BmlG60s4j4ZTMWRc.uaxvMuFHoV3Kw2r7r8iegckelm9ToJrbCQEg6Qrg9mA&dib_tag=se&keywords=jab%C3%B3n%2Bs%C3%B3lido%2Bhombre&qid=1744062058&sr=8-197,"3,7 de 5 estrellas",,"12,44 €","4/8/2025, 05:41:11"
jabón sólido hombre,B0CDRWG48P,Beaupretty 2 Juegos De Espumas Portátiles Para Jabón Facial Limpiadores Naturales Para Jabones Artesanales Cuidado De La Piel Con Burbujas 2 Unidades,https://www.amazon.es//Beaupretty-Burbujas-Limpieza-Exfoliante-Depurador/dp/B0CDRWG48P/ref=sr_1_198?dib=eyJ2IjoiMSJ9.OcM1pRUdzwWi_wYTUF5m0i4ufvjOkFs5pfO8shfw_2DZujuQGQFfRa5hQ5DogwsOgnkP-haEYJNsBzIOIKLJFMl4JVWbHR7ikaRNUtZNjVgU9S7qyoUoQlrgELHQc73J2ojq1CW4wikfafNRw5NtoYh-U3A2x2KYSv4AH5Y52FX9mwf21knoMp4nPh0TnOCeKVYm4cVxDyvjUxQRX8Af7VWqZ3W5KVWLXf_jnEW16tdwr9XuXkHkqnnAJgCPwkejvnj6iHmYpcsLLxw8EA_IsGJ9356BmlG60s4j4ZTMWRc.uaxvMuFHoV3Kw2r7r8iegckelm9ToJrbCQEg6Qrg9mA&dib_tag=se&keywords=jab%C3%B3n%2Bs%C3%B3lido%2Bhombre&qid=1744062058&sr=8-198,,,"9,39 €","4/8/2025, 05:41:11"
jabón sólido hombre,B07QTY9599,"- Mascarilla de jabón NATUYO Cicatrizante de DIENTE DE LEÓN.- Es Anti Acné, Anti-Manchas de la piel y útil en Problemas de la piel. Sin químicos.",https://www.amazon.es//Mascarilla-NATUYO-Cicatrizante-Anti-Manchas-Problemas/dp/B07QTY9599/ref=sr_1_199?dib=eyJ2IjoiMSJ9.OcM1pRUdzwWi_wYTUF5m0i4ufvjOkFs5pfO8shfw_2DZujuQGQFfRa5hQ5DogwsOgnkP-haEYJNsBzIOIKLJFMl4JVWbHR7ikaRNUtZNjVgU9S7qyoUoQlrgELHQc73J2ojq1CW4wikfafNRw5NtoYh-U3A2x2KYSv4AH5Y52FX9mwf21knoMp4nPh0TnOCeKVYm4cVxDyvjUxQRX8Af7VWqZ3W5KVWLXf_jnEW16tdwr9XuXkHkqnnAJgCPwkejvnj6iHmYpcsLLxw8EA_IsGJ9356BmlG60s4j4ZTMWRc.uaxvMuFHoV3Kw2r7r8iegckelm9ToJrbCQEg6Qrg9mA&dib_tag=se&keywords=jab%C3%B3n%2Bs%C3%B3lido%2Bhombre&qid=1744062058&sr=8-199,"5,0 de 5 estrellas",,"8,40 €","4/8/2025, 05:41:11"
jabón sólido hombre,B0CCCXNZGF,"Papaya Kojic Acid Soap, Jabón para Eliminar Manchas Oscuras, Barra de ácido Kójico, Jabón Para Hiperpigmentación, Jabón de ácido Kójico, Jabón Con Ácido Kójico Para Aclarar La Piel",https://www.amazon.es//Eliminar-Manchas-Oscuras-Hiperpigmentaci%C3%B3n-Aclarar/dp/B0CCCXNZGF/ref=sr_1_200?dib=eyJ2IjoiMSJ9.OcM1pRUdzwWi_wYTUF5m0i4ufvjOkFs5pfO8shfw_2DZujuQGQFfRa5hQ5DogwsOgnkP-haEYJNsBzIOIKLJFMl4JVWbHR7ikaRNUtZNjVgU9S7qyoUoQlrgELHQc73J2ojq1CW4wikfafNRw5NtoYh-U3A2x2KYSv4AH5Y52FX9mwf21knoMp4nPh0TnOCeKVYm4cVxDyvjUxQRX8Af7VWqZ3W5KVWLXf_jnEW16tdwr9XuXkHkqnnAJgCPwkejvnj6iHmYpcsLLxw8EA_IsGJ9356BmlG60s4j4ZTMWRc.uaxvMuFHoV3Kw2r7r8iegckelm9ToJrbCQEg6Qrg9mA&dib_tag=se&keywords=jab%C3%B3n%2Bs%C3%B3lido%2Bhombre&qid=1744062058&sr=8-200,"2,5 de 5 estrellas",,"6,99 €","4/8/2025, 05:41:11"
jabón sólido hombre,B0DTJS7BHT,"Jabón negro africano, jabón de manteca de karité, jabón hidratante para rostro y cuerpo, limpieza profunda, refinamiento de la piel, radiante, aceite de comino negro africano (negro, talla única)",https://www.amazon.es//africano-hidratante-limpieza-profunda-refinamiento/dp/B0DTJS7BHT/ref=sr_1_201?dib=eyJ2IjoiMSJ9.OcM1pRUdzwWi_wYTUF5m0i4ufvjOkFs5pfO8shfw_2DZujuQGQFfRa5hQ5DogwsOgnkP-haEYJNsBzIOIKLJFMl4JVWbHR7ikaRNUtZNjVgU9S7qyoUoQlrgELHQc73J2ojq1CW4wikfafNRw5NtoYh-U3A2x2KYSv4AH5Y52FX9mwf21knoMp4nPh0TnOCeKVYm4cVxDyvjUxQRX8Af7VWqZ3W5KVWLXf_jnEW16tdwr9XuXkHkqnnAJgCPwkejvnj6iHmYpcsLLxw8EA_IsGJ9356BmlG60s4j4ZTMWRc.uaxvMuFHoV3Kw2r7r8iegckelm9ToJrbCQEg6Qrg9mA&dib_tag=se&keywords=jab%C3%B3n%2Bs%C3%B3lido%2Bhombre&qid=1744062058&sr=8-201,,,"9,60 €","4/8/2025, 05:41:11"
jabón sólido hombre,B0CFCMCCX1,15 unids hecho a mano jabón facial cuerpo ahorro limpieza limpieza para suministros neto espuma exfoliante favores herramienta ducha baño,https://www.amazon.es//minkissy-limpieza-suministros-exfoliante-herramienta/dp/B0CFCMCCX1/ref=sr_1_202?dib=eyJ2IjoiMSJ9.OcM1pRUdzwWi_wYTUF5m0i4ufvjOkFs5pfO8shfw_2DZujuQGQFfRa5hQ5DogwsOgnkP-haEYJNsBzIOIKLJFMl4JVWbHR7ikaRNUtZNjVgU9S7qyoUoQlrgELHQc73J2ojq1CW4wikfafNRw5NtoYh-U3A2x2KYSv4AH5Y52FX9mwf21knoMp4nPh0TnOCeKVYm4cVxDyvjUxQRX8Af7VWqZ3W5KVWLXf_jnEW16tdwr9XuXkHkqnnAJgCPwkejvnj6iHmYpcsLLxw8EA_IsGJ9356BmlG60s4j4ZTMWRc.uaxvMuFHoV3Kw2r7r8iegckelm9ToJrbCQEg6Qrg9mA&dib_tag=se&keywords=jab%C3%B3n%2Bs%C3%B3lido%2Bhombre&qid=1744062058&sr=8-202,,,"9,49 €","4/8/2025, 05:41:11"
jabón sólido hombre,B0DXKQVMQ1,"Jabón negro africano, jabón de manteca de karité, jabón hidratante para rostro y cuerpo, limpieza profunda, refinamiento de, piel radiante, acné negro africano (negro, talla única)",https://www.amazon.es//africano-hidratante-limpieza-profunda-refinamiento/dp/B0DXKQVMQ1/ref=sr_1_203?dib=eyJ2IjoiMSJ9.OcM1pRUdzwWi_wYTUF5m0i4ufvjOkFs5pfO8shfw_2DZujuQGQFfRa5hQ5DogwsOgnkP-haEYJNsBzIOIKLJFMl4JVWbHR7ikaRNUtZNjVgU9S7qyoUoQlrgELHQc73J2ojq1CW4wikfafNRw5NtoYh-U3A2x2KYSv4AH5Y52FX9mwf21knoMp4nPh0TnOCeKVYm4cVxDyvjUxQRX8Af7VWqZ3W5KVWLXf_jnEW16tdwr9XuXkHkqnnAJgCPwkejvnj6iHmYpcsLLxw8EA_IsGJ9356BmlG60s4j4ZTMWRc.uaxvMuFHoV3Kw2r7r8iegckelm9ToJrbCQEg6Qrg9mA&dib_tag=se&keywords=jab%C3%B3n%2Bs%C3%B3lido%2Bhombre&qid=1744062058&sr=8-203,,,"8,50 €","4/8/2025, 05:41:11"
jabón sólido hombre,B09LLR1P2N,"Champú Sólido Ecológico 120g - Santa Gadea Hair & Body| Para Cabello y Cuerpo | Sin Sulfatos, Con Leche de Cabra, aceite de oliva y Aceite de Árbol de Té",https://www.amazon.es//sspa/click?ie=UTF8&spc=MToyMDE5MTI3MTUzNTk1MDYwOjE3NDQwNjIwNTg6c3BfYnRmOjMwMDUxMDA0NDQ0NDYzMjo6MDo6&url=%2FChamp%25C3%25BA-S%25C3%25B3lido-Ecol%25C3%25B3gico-120g-Sulfatos%2Fdp%2FB09LLR1P2N%2Fref%3Dsr_1_204_sspa%3Fdib%3DeyJ2IjoiMSJ9.OcM1pRUdzwWi_wYTUF5m0i4ufvjOkFs5pfO8shfw_2DZujuQGQFfRa5hQ5DogwsOgnkP-haEYJNsBzIOIKLJFMl4JVWbHR7ikaRNUtZNjVgU9S7qyoUoQlrgELHQc73J2ojq1CW4wikfafNRw5NtoYh-U3A2x2KYSv4AH5Y52FX9mwf21knoMp4nPh0TnOCeKVYm4cVxDyvjUxQRX8Af7VWqZ3W5KVWLXf_jnEW16tdwr9XuXkHkqnnAJgCPwkejvnj6iHmYpcsLLxw8EA_IsGJ9356BmlG60s4j4ZTMWRc.uaxvMuFHoV3Kw2r7r8iegckelm9ToJrbCQEg6Qrg9mA%26dib_tag%3Dse%26keywords%3Djab%25C3%25B3n%252Bs%25C3%25B3lido%252Bhombre%26qid%3D1744062058%26sr%3D8-204-spons%26sp_csd%3Dd2lkZ2V0TmFtZT1zcF9idGY%26psc%3D1,"3,9 de 5 estrellas",,"8,99 €","4/8/2025, 05:41:11"
